Sample description: 
Sample:   c= 0 mg/ml  Code: 
Parent(s): /Users/oskarsvensson/Desktop/SAXS/Hst1_HS/Hst1_HS_2_sc/Hst1_HS_4p77_Hst1_HS_Buffer (Rad dmg)/frames/4.77 mgml/avrg_002.dat /Users/oskarsvensson/Desktop/SAXS/Hst1_HS/Hst1_HS_2_sc/Hst1_HS_4p77_Hst1_HS_Buffer (Rad dmg)/frames/4.77 mgml/avrg_001.dat
  7.768555e-02   6.973090e-02   2.195730e-03
  8.257128e-02   6.963554e-02   1.209166e-03
  8.745700e-02   6.749060e-02   9.917363e-04
  9.234272e-02   6.958415e-02   8.396561e-04
  9.722845e-02   7.009034e-02   7.576061e-04
  1.021142e-01   6.903602e-02   6.886497e-04
  1.069999e-01   6.708966e-02   6.426336e-04
  1.118856e-01   6.778164e-02   6.042613e-04
  1.167713e-01   6.840730e-02   5.659723e-04
  1.216571e-01   6.828083e-02   5.472711e-04
  1.265428e-01   6.717665e-02   5.209381e-04
  1.314285e-01   6.644679e-02   5.057970e-04
  1.363142e-01   6.746888e-02   4.839238e-04
  1.412000e-01   6.684509e-02   4.708930e-04
  1.460857e-01   6.619963e-02   4.508697e-04
  1.509714e-01   6.573207e-02   4.445558e-04
  1.558571e-01   6.605897e-02   4.272704e-04
  1.607428e-01   6.513850e-02   4.148115e-04
  1.656286e-01   6.409722e-02   4.142466e-04
  1.705143e-01   6.379728e-02   3.998018e-04
  1.754000e-01   6.421734e-02   3.880348e-04
  1.802857e-01   6.381342e-02   3.815919e-04
  1.851715e-01   6.272130e-02   3.790763e-04
  1.900572e-01   6.295422e-02   3.691151e-04
  1.949429e-01   6.281032e-02   3.602713e-04
  1.998286e-01   6.214511e-02   3.549938e-04
  2.047143e-01   6.212233e-02   3.512495e-04
  2.096001e-01   6.118262e-02   3.441773e-04
  2.144858e-01   6.104493e-02   3.376285e-04
  2.193715e-01   6.048079e-02   3.325092e-04
  2.242572e-01   6.039028e-02   3.296059e-04
  2.291430e-01   6.024102e-02   3.230982e-04
  2.340287e-01   6.022932e-02   3.156893e-04
  2.389144e-01   5.939761e-02   3.143713e-04
  2.438001e-01   5.910000e-02   3.118702e-04
  2.486859e-01   5.866185e-02   3.045055e-04
  2.535716e-01   5.842558e-02   3.004769e-04
  2.584573e-01   5.777897e-02   2.997814e-04
  2.633430e-01   5.744837e-02   2.996400e-04
  2.682287e-01   5.726207e-02   3.028864e-04
  2.731145e-01   5.655446e-02   3.046980e-04
  2.780002e-01   5.606829e-02   3.142266e-04
  2.828859e-01   5.567673e-02   3.162891e-04
  2.877716e-01   5.504088e-02   3.185346e-04
  2.926574e-01   5.449347e-02   3.213309e-04
  2.975431e-01   5.451186e-02   3.233021e-04
  3.024288e-01   5.410912e-02   3.174409e-04
  3.073145e-01   5.380029e-02   3.058590e-04
  3.122002e-01   5.342973e-02   3.025908e-04
  3.170860e-01   5.324802e-02   3.015615e-04
  3.219717e-01   5.279975e-02   2.963635e-04
  3.268574e-01   5.233183e-02   2.859421e-04
  3.317431e-01   5.225879e-02   2.815258e-04
  3.366289e-01   5.163467e-02   2.699632e-04
  3.415146e-01   5.094305e-02   2.672970e-04
  3.464003e-01   5.018615e-02   2.623911e-04
  3.512860e-01   5.014429e-02   2.613454e-04
  3.561718e-01   4.996131e-02   2.553826e-04
  3.610575e-01   4.932313e-02   2.509365e-04
  3.659432e-01   4.933256e-02   2.522605e-04
  3.708289e-01   4.887101e-02   2.509546e-04
  3.757146e-01   4.839231e-02   2.463524e-04
  3.806004e-01   4.760175e-02   2.415382e-04
  3.854861e-01   4.776019e-02   2.413149e-04
  3.903718e-01   4.725971e-02   2.369075e-04
  3.952575e-01   4.682001e-02   2.331523e-04
  4.001433e-01   4.654681e-02   2.317995e-04
  4.050290e-01   4.621679e-02   2.304470e-04
  4.099147e-01   4.593633e-02   2.260586e-04
  4.148004e-01   4.548534e-02   2.241677e-04
  4.196861e-01   4.428109e-02   2.213125e-04
  4.245719e-01   4.485241e-02   2.212723e-04
  4.294576e-01   4.424405e-02   2.185530e-04
  4.343433e-01   4.425698e-02   2.173155e-04
  4.392290e-01   4.382432e-02   2.165781e-04
  4.441148e-01   4.298249e-02   2.157962e-04
  4.490005e-01   4.317568e-02   2.109874e-04
  4.538862e-01   4.239209e-02   2.088541e-04
  4.587719e-01   4.237870e-02   2.113341e-04
  4.636577e-01   4.160561e-02   2.073866e-04
  4.685434e-01   4.154649e-02   2.055567e-04
  4.734291e-01   4.087723e-02   2.025920e-04
  4.783148e-01   4.086128e-02   2.026125e-04
  4.832005e-01   4.067364e-02   1.993192e-04
  4.880863e-01   4.000321e-02   1.983376e-04
  4.929720e-01   3.957808e-02   2.006430e-04
  4.978577e-01   3.952706e-02   2.007609e-04
  5.027434e-01   3.892996e-02   2.010026e-04
  5.076292e-01   3.860320e-02   2.012183e-04
  5.125149e-01   3.820123e-02   2.017498e-04
  5.174006e-01   3.825525e-02   2.012543e-04
  5.222863e-01   3.770396e-02   2.004900e-04
  5.271720e-01   3.767981e-02   1.996874e-04
  5.320578e-01   3.695983e-02   2.006380e-04
  5.369435e-01   3.685760e-02   1.974684e-04
  5.418292e-01   3.665715e-02   1.985108e-04
  5.467149e-01   3.616619e-02   1.974783e-04
  5.516007e-01   3.581934e-02   1.989875e-04
  5.564864e-01   3.550179e-02   1.948285e-04
  5.613721e-01   3.530065e-02   1.892501e-04
  5.662578e-01   3.460051e-02   1.878636e-04
  5.711436e-01   3.457071e-02   1.848593e-04
  5.760293e-01   3.414908e-02   1.836421e-04
  5.809150e-01   3.358594e-02   1.797978e-04
  5.858007e-01   3.372732e-02   1.799114e-04
  5.906864e-01   3.343158e-02   1.779488e-04
  5.955722e-01   3.315986e-02   1.748733e-04
  6.004579e-01   3.304540e-02   1.743412e-04
  6.053436e-01   3.276489e-02   1.742773e-04
  6.102293e-01   3.234880e-02   1.723619e-04
  6.151151e-01   3.197204e-02   1.703530e-04
  6.200008e-01   3.183219e-02   1.688885e-04
  6.248865e-01   3.145175e-02   1.698069e-04
  6.297722e-01   3.157846e-02   1.670489e-04
  6.346579e-01   3.087678e-02   1.665398e-04
  6.395437e-01   3.048891e-02   1.658787e-04
  6.444294e-01   3.037320e-02   1.645760e-04
  6.493151e-01   2.998946e-02   1.626497e-04
  6.542008e-01   3.027996e-02   1.616761e-04
  6.590866e-01   2.953707e-02   1.621747e-04
  6.639723e-01   2.913011e-02   1.603833e-04
  6.688580e-01   2.900922e-02   1.590911e-04
  6.737437e-01   2.865691e-02   1.570541e-04
  6.786295e-01   2.859876e-02   1.575128e-04
  6.835152e-01   2.813529e-02   1.562414e-04
  6.884009e-01   2.821232e-02   1.546122e-04
  6.932866e-01   2.801322e-02   1.547747e-04
  6.981723e-01   2.756389e-02   1.543154e-04
  7.030581e-01   2.720850e-02   1.515503e-04
  7.079438e-01   2.712065e-02   1.507447e-04
  7.128295e-01   2.691403e-02   1.505150e-04
  7.177152e-01   2.655949e-02   1.503690e-04
  7.226010e-01   2.619843e-02   1.489312e-04
  7.274867e-01   2.605207e-02   1.472870e-04
  7.323724e-01   2.600728e-02   1.478208e-04
  7.372581e-01   2.563448e-02   1.459281e-04
  7.421439e-01   2.513772e-02   1.448426e-04
  7.470296e-01   2.500294e-02   1.444375e-04
  7.519153e-01   2.498265e-02   1.445747e-04
  7.568010e-01   2.460933e-02   1.431777e-04
  7.616867e-01   2.427953e-02   1.414741e-04
  7.665725e-01   2.421953e-02   1.413027e-04
  7.714582e-01   2.386611e-02   1.415078e-04
  7.763439e-01   2.420641e-02   1.399164e-04
  7.812296e-01   2.370343e-02   1.388766e-04
  7.861154e-01   2.354757e-02   1.390563e-04
  7.910011e-01   2.314139e-02   1.389319e-04
  7.958868e-01   2.273425e-02   1.363966e-04
  8.007725e-01   2.264710e-02   1.355481e-04
  8.056582e-01   2.283538e-02   1.364103e-04
  8.105440e-01   2.213377e-02   1.349347e-04
  8.154297e-01   2.230439e-02   1.348347e-04
  8.203154e-01   2.199068e-02   1.330777e-04
  8.252011e-01   2.188640e-02   1.335865e-04
  8.300869e-01   2.155140e-02   1.317855e-04
  8.349726e-01   2.153174e-02   1.316764e-04
  8.398583e-01   2.129452e-02   1.316781e-04
  8.447440e-01   2.104244e-02   1.311319e-04
  8.496298e-01   2.087176e-02   1.299399e-04
  8.545155e-01   2.091232e-02   1.283117e-04
  8.594012e-01   2.086267e-02   1.296036e-04
  8.642869e-01   2.025112e-02   1.282469e-04
  8.691726e-01   2.057299e-02   1.274651e-04
  8.740584e-01   1.997728e-02   1.268688e-04
  8.789441e-01   1.998459e-02   1.268609e-04
  8.838298e-01   1.976511e-02   1.256102e-04
  8.887155e-01   1.955770e-02   1.248155e-04
  8.936013e-01   1.955732e-02   1.241697e-04
  8.984870e-01   1.931958e-02   1.245385e-04
  9.033727e-01   1.898586e-02   1.230099e-04
  9.082584e-01   1.869665e-02   1.226825e-04
  9.131441e-01   1.872286e-02   1.219924e-04
  9.180299e-01   1.862946e-02   1.225955e-04
  9.229156e-01   1.830873e-02   1.209700e-04
  9.278013e-01   1.826065e-02   1.195321e-04
  9.326870e-01   1.817616e-02   1.208806e-04
  9.375728e-01   1.785595e-02   1.195866e-04
  9.424585e-01   1.759184e-02   1.183946e-04
  9.473442e-01   1.759938e-02   1.179585e-04
  9.522299e-01   1.735369e-02   1.189494e-04
  9.571157e-01   1.747513e-02   1.171784e-04
  9.620014e-01   1.713267e-02   1.170196e-04
  9.668871e-01   1.712832e-02   1.163445e-04
  9.717728e-01   1.686426e-02   1.162318e-04
  9.766585e-01   1.667354e-02   1.154605e-04
  9.815443e-01   1.656709e-02   1.146426e-04
  9.864300e-01   1.637973e-02   1.148148e-04
  9.913157e-01   1.634198e-02   1.149341e-04
  9.962014e-01   1.629475e-02   1.137651e-04
  1.001087e+00   1.606948e-02   1.130717e-04
  1.005973e+00   1.600894e-02   1.135907e-04
  1.010859e+00   1.584693e-02   1.127938e-04
  1.015744e+00   1.583775e-02   1.119013e-04
  1.020630e+00   1.559074e-02   1.120158e-04
  1.025516e+00   1.560659e-02   1.120870e-04
  1.030401e+00   1.526769e-02   1.110242e-04
  1.035287e+00   1.529714e-02   1.104440e-04
  1.040173e+00   1.495014e-02   1.105099e-04
  1.045059e+00   1.494304e-02   1.102758e-04
  1.049944e+00   1.484176e-02   1.097152e-04
  1.054830e+00   1.467180e-02   1.092657e-04
  1.059716e+00   1.465300e-02   1.091737e-04
  1.064602e+00   1.430600e-02   1.087577e-04
  1.069487e+00   1.426065e-02   1.079198e-04
  1.074373e+00   1.445057e-02   1.077925e-04
  1.079259e+00   1.431084e-02   1.092847e-04
  1.084144e+00   1.398111e-02   1.096917e-04
  1.089030e+00   1.375232e-02   1.096446e-04
  1.093916e+00   1.378669e-02   1.094801e-04
  1.098802e+00   1.366975e-02   1.102073e-04
  1.103687e+00   1.349941e-02   1.097157e-04
  1.108573e+00   1.338069e-02   1.095642e-04
  1.113459e+00   1.346605e-02   1.099776e-04
  1.118345e+00   1.311591e-02   1.096769e-04
  1.123230e+00   1.325821e-02   1.096403e-04
  1.128116e+00   1.300979e-02   1.091267e-04
  1.133002e+00   1.292408e-02   1.093810e-04
  1.137887e+00   1.299327e-02   1.093250e-04
  1.142773e+00   1.256479e-02   1.087557e-04
  1.147659e+00   1.271814e-02   1.069695e-04
  1.152545e+00   1.241532e-02   1.064655e-04
  1.157430e+00   1.215877e-02   1.056633e-04
  1.162316e+00   1.240610e-02   1.047118e-04
  1.167202e+00   1.215087e-02   1.042872e-04
  1.172087e+00   1.208161e-02   1.048010e-04
  1.176973e+00   1.214713e-02   1.038055e-04
  1.181859e+00   1.204696e-02   1.030397e-04
  1.186745e+00   1.186248e-02   1.028366e-04
  1.191630e+00   1.176666e-02   1.028832e-04
  1.196516e+00   1.164628e-02   1.019648e-04
  1.201402e+00   1.145643e-02   1.015663e-04
  1.206288e+00   1.160202e-02   1.017552e-04
  1.211173e+00   1.146392e-02   1.011092e-04
  1.216059e+00   1.136601e-02   1.003450e-04
  1.220945e+00   1.122896e-02   9.969849e-05
  1.225830e+00   1.122343e-02   1.005240e-04
  1.230716e+00   1.101946e-02   9.974986e-05
  1.235602e+00   1.102684e-02   9.923146e-05
  1.240488e+00   1.100558e-02   9.855410e-05
  1.245373e+00   1.073924e-02   9.900253e-05
  1.250259e+00   1.078429e-02   9.809530e-05
  1.255145e+00   1.065221e-02   9.749121e-05
  1.260030e+00   1.055802e-02   9.773925e-05
  1.264916e+00   1.042555e-02   9.787260e-05
  1.269802e+00   1.040449e-02   9.688417e-05
  1.274688e+00   1.028919e-02   9.651844e-05
  1.279573e+00   1.040085e-02   9.675093e-05
  1.284459e+00   1.022640e-02   9.625083e-05
  1.289345e+00   1.030730e-02   9.572763e-05
  1.294231e+00   9.862130e-03   9.555900e-05
  1.299116e+00   9.942320e-03   9.557763e-05
  1.304002e+00   9.849730e-03   9.464083e-05
  1.308888e+00   9.860790e-03   9.476136e-05
  1.313773e+00   9.807340e-03   9.612775e-05
  1.318659e+00   9.734420e-03   9.656541e-05
  1.323545e+00   9.609280e-03   9.644679e-05
  1.328431e+00   9.556100e-03   9.633335e-05
  1.333316e+00   9.503340e-03   9.683875e-05
  1.338202e+00   9.305150e-03   9.665126e-05
  1.343088e+00   9.292920e-03   9.632677e-05
  1.347973e+00   9.177310e-03   9.648786e-05
  1.352859e+00   9.396580e-03   9.679610e-05
  1.357745e+00   9.070960e-03   9.616530e-05
  1.362631e+00   8.997260e-03   9.644450e-05
  1.367516e+00   9.130040e-03   9.636778e-05
  1.372402e+00   8.908540e-03   9.669659e-05
  1.377288e+00   8.885250e-03   9.537746e-05
  1.382174e+00   8.961260e-03   9.417449e-05
  1.387059e+00   8.926120e-03   9.389957e-05
  1.391945e+00   8.748760e-03   9.342332e-05
  1.396831e+00   8.476040e-03   9.271186e-05
  1.401716e+00   8.692220e-03   9.226741e-05
  1.406602e+00   8.363400e-03   9.254239e-05
  1.411488e+00   8.339780e-03   9.220651e-05
  1.416374e+00   8.373480e-03   9.127774e-05
  1.421259e+00   8.354410e-03   9.108235e-05
  1.426145e+00   8.330110e-03   9.130079e-05
  1.431031e+00   8.182700e-03   9.054390e-05
  1.435916e+00   8.129470e-03   9.050602e-05
  1.440802e+00   8.157950e-03   9.021575e-05
  1.445688e+00   8.215370e-03   9.013488e-05
  1.450574e+00   8.055470e-03   8.966563e-05
  1.455459e+00   7.971840e-03   8.889611e-05
  1.460345e+00   7.932420e-03   8.906897e-05
  1.465231e+00   7.802440e-03   8.926773e-05
  1.470117e+00   7.815480e-03   8.829193e-05
  1.475002e+00   7.773490e-03   8.812038e-05
  1.479888e+00   7.623590e-03   8.826554e-05
  1.484774e+00   7.858500e-03   8.793219e-05
  1.489659e+00   7.583280e-03   8.749478e-05
  1.494545e+00   7.418240e-03   8.730482e-05
  1.499431e+00   7.428240e-03   8.760836e-05
  1.504317e+00   7.371240e-03   8.680634e-05
  1.509202e+00   7.523700e-03   8.637628e-05
  1.514088e+00   7.247190e-03   8.647636e-05
  1.518974e+00   7.331310e-03   8.657256e-05
  1.523859e+00   7.206460e-03   8.604901e-05
  1.528745e+00   7.173290e-03   8.550335e-05
  1.533631e+00   6.986680e-03   8.565841e-05
  1.538517e+00   7.028730e-03   8.557063e-05
  1.543402e+00   7.059950e-03   8.485535e-05
  1.548288e+00   7.005350e-03   8.474164e-05
  1.553174e+00   6.954820e-03   8.543558e-05
  1.558060e+00   6.881580e-03   8.474368e-05
  1.562945e+00   6.863300e-03   8.412047e-05
  1.567831e+00   6.792980e-03   8.418341e-05
  1.572717e+00   6.823350e-03   8.443036e-05
  1.577602e+00   6.806920e-03   8.370459e-05
  1.582488e+00   6.739140e-03   8.356479e-05
  1.587374e+00   6.577490e-03   8.356461e-05
  1.592260e+00   6.481210e-03   8.356849e-05
  1.597145e+00   6.536700e-03   8.273920e-05
  1.602031e+00   6.425150e-03   8.287005e-05
  1.606917e+00   6.519110e-03   8.339529e-05
  1.611803e+00   6.412650e-03   8.415988e-05
  1.616688e+00   6.330300e-03   8.434252e-05
  1.621574e+00   6.365180e-03   8.425241e-05
  1.626460e+00   6.229380e-03   8.460826e-05
  1.631345e+00   6.044200e-03   8.389840e-05
  1.636231e+00   6.028550e-03   8.298211e-05
  1.641117e+00   6.106280e-03   8.263601e-05
  1.646003e+00   6.231040e-03   8.297780e-05
  1.650888e+00   6.137970e-03   8.198829e-05
  1.655774e+00   5.916930e-03   8.161621e-05
  1.660660e+00   5.975500e-03   8.181444e-05
  1.665545e+00   5.980460e-03   8.180206e-05
  1.670431e+00   5.949890e-03   8.105560e-05
  1.675317e+00   5.793710e-03   8.126255e-05
  1.680203e+00   5.868600e-03   8.100108e-05
  1.685088e+00   5.899160e-03   8.079516e-05
  1.689974e+00   5.767770e-03   8.015530e-05
  1.694860e+00   5.582540e-03   7.990076e-05
  1.699746e+00   5.606250e-03   7.987082e-05
  1.704631e+00   5.608830e-03   7.977808e-05
  1.709517e+00   5.702780e-03   7.943943e-05
  1.714403e+00   5.555850e-03   7.953427e-05
  1.719288e+00   5.559750e-03   7.959624e-05
  1.724174e+00   5.455980e-03   7.925131e-05
  1.729060e+00   5.425530e-03   7.868283e-05
  1.733946e+00   5.458230e-03   7.914514e-05
  1.738831e+00   5.418090e-03   7.884120e-05
  1.743717e+00   5.320840e-03   7.826843e-05
  1.748603e+00   5.248750e-03   7.834097e-05
  1.753488e+00   5.208180e-03   7.849094e-05
  1.758374e+00   5.377880e-03   7.804855e-05
  1.763260e+00   5.223900e-03   7.798065e-05
  1.768146e+00   5.159810e-03   7.785426e-05
  1.773031e+00   5.144940e-03   7.794963e-05
  1.777917e+00   5.044070e-03   7.723685e-05
  1.782803e+00   4.926930e-03   7.704259e-05
  1.787689e+00   5.184930e-03   7.715983e-05
  1.792574e+00   5.092690e-03   7.722595e-05
  1.797460e+00   5.175300e-03   7.701902e-05
  1.802346e+00   5.039090e-03   7.649712e-05
  1.807231e+00   4.873230e-03   7.670719e-05
  1.812117e+00   4.992020e-03   7.672612e-05
  1.817003e+00   4.961840e-03   7.631654e-05
  1.821889e+00   4.909310e-03   7.590909e-05
  1.826774e+00   4.907400e-03   7.623573e-05
  1.831660e+00   4.881670e-03   7.600919e-05
  1.836546e+00   4.764670e-03   7.550948e-05
  1.841431e+00   4.850430e-03   7.558368e-05
  1.846317e+00   4.652350e-03   7.564115e-05
  1.851203e+00   4.734830e-03   7.529855e-05
  1.856089e+00   4.697030e-03   7.505232e-05
  1.860974e+00   4.622130e-03   7.518541e-05
  1.865860e+00   4.683360e-03   7.500919e-05
  1.870746e+00   4.546490e-03   7.472822e-05
  1.875632e+00   4.589640e-03   7.454847e-05
  1.880517e+00   4.511850e-03   7.494371e-05
  1.885403e+00   4.549990e-03   7.452038e-05
  1.890289e+00   4.577170e-03   7.438061e-05
  1.895174e+00   4.390900e-03   7.450673e-05
  1.900060e+00   4.462990e-03   7.528979e-05
  1.904946e+00   4.403190e-03   7.550440e-05
  1.909832e+00   4.406150e-03   7.516898e-05
  1.914717e+00   4.462230e-03   7.579034e-05
  1.919603e+00   4.361270e-03   7.576431e-05
  1.924489e+00   4.467380e-03   7.560606e-05
  1.929374e+00   4.281270e-03   7.549802e-05
  1.934260e+00   4.376350e-03   7.587506e-05
  1.939146e+00   4.256910e-03   7.580508e-05
  1.944032e+00   4.362350e-03   7.575431e-05
  1.948917e+00   4.172270e-03   7.554605e-05
  1.953803e+00   4.191400e-03   7.587129e-05
  1.958689e+00   4.108590e-03   7.559394e-05
  1.963575e+00   4.119330e-03   7.472753e-05
  1.968460e+00   4.238830e-03   7.435326e-05
  1.973346e+00   4.100530e-03   7.428608e-05
  1.978232e+00   4.063540e-03   7.398259e-05
  1.983117e+00   4.139420e-03   7.364439e-05
  1.988003e+00   3.968520e-03   7.355846e-05
  1.992889e+00   3.982720e-03   7.351564e-05
  1.997775e+00   3.972320e-03   7.314400e-05
  2.002660e+00   4.021680e-03   7.301718e-05
  2.007546e+00   3.986870e-03   7.325942e-05
  2.012432e+00   3.959170e-03   7.276503e-05
  2.017317e+00   3.929340e-03   7.255716e-05
  2.022203e+00   3.889960e-03   7.238028e-05
  2.027089e+00   3.889940e-03   7.254466e-05
  2.031975e+00   3.878610e-03   7.201680e-05
  2.036860e+00   3.780730e-03   7.186333e-05
  2.041746e+00   3.824200e-03   7.222867e-05
  2.046632e+00   3.763980e-03   7.191271e-05
  2.051518e+00   3.836060e-03   7.153041e-05
  2.056403e+00   3.792260e-03   7.130573e-05
  2.061289e+00   3.690200e-03   7.151083e-05
  2.066175e+00   3.739820e-03   7.149446e-05
  2.071060e+00   3.722690e-03   7.146957e-05
  2.075946e+00   3.731980e-03   7.121721e-05
  2.080832e+00   3.676480e-03   7.127135e-05
  2.085718e+00   3.727990e-03   7.072336e-05
  2.090603e+00   3.543810e-03   7.043724e-05
  2.095489e+00   3.645530e-03   7.066703e-05
  2.100375e+00   3.525010e-03   7.063816e-05
  2.105261e+00   3.463440e-03   7.028272e-05
  2.110146e+00   3.509030e-03   6.996344e-05
  2.115032e+00   3.566820e-03   7.008092e-05
  2.119918e+00   3.517530e-03   6.998827e-05
  2.124803e+00   3.564060e-03   7.006873e-05
  2.129689e+00   3.369060e-03   7.057968e-05
  2.134575e+00   3.451410e-03   7.097476e-05
  2.139461e+00   3.400800e-03   7.084440e-05
  2.144346e+00   3.415700e-03   7.131981e-05
  2.149232e+00   3.407030e-03   7.098583e-05
  2.154118e+00   3.501610e-03   7.157455e-05
  2.159003e+00   3.416070e-03   7.122716e-05
  2.163889e+00   3.277030e-03   7.127960e-05
  2.168775e+00   3.308330e-03   7.145531e-05
  2.173661e+00   3.247370e-03   7.143152e-05
  2.178546e+00   3.386250e-03   7.200000e-05
  2.183432e+00   3.171970e-03   7.258035e-05
  2.188318e+00   3.213270e-03   7.338953e-05
  2.193204e+00   3.211870e-03   7.339824e-05
  2.198089e+00   3.125110e-03   7.317436e-05
  2.202975e+00   3.222780e-03   7.359626e-05
  2.207861e+00   3.294050e-03   7.385887e-05
  2.212746e+00   3.178550e-03   7.387391e-05
  2.217632e+00   3.226490e-03   7.419620e-05
  2.222518e+00   3.169120e-03   7.454017e-05
  2.227404e+00   3.290180e-03   7.469171e-05
  2.232289e+00   3.041380e-03   7.439461e-05
  2.237175e+00   3.103530e-03   7.473152e-05
  2.242061e+00   3.136490e-03   7.468399e-05
  2.246946e+00   3.082940e-03   7.520916e-05
  2.251832e+00   3.035270e-03   7.484251e-05
  2.256718e+00   3.004000e-03   7.512820e-05
  2.261604e+00   3.051800e-03   7.545134e-05
  2.266489e+00   3.180210e-03   7.518113e-05
  2.271375e+00   3.053120e-03   7.524098e-05
  2.276261e+00   3.064710e-03   7.573999e-05
  2.281147e+00   2.792190e-03   7.630253e-05
  2.286032e+00   2.940570e-03   7.549790e-05
  2.290918e+00   2.985120e-03   7.575193e-05
  2.295804e+00   2.873080e-03   7.598539e-05
  2.300689e+00   2.827320e-03   7.605416e-05
  2.305575e+00   2.934300e-03   7.613662e-05
  2.310461e+00   2.871560e-03   7.654467e-05
  2.315347e+00   3.095810e-03   7.662400e-05
  2.320232e+00   2.821360e-03   7.623688e-05
  2.325118e+00   2.841540e-03   7.609502e-05
  2.330004e+00   2.771930e-03   7.663912e-05
  2.334889e+00   2.777450e-03   7.725268e-05
  2.339775e+00   2.766360e-03   7.650717e-05
  2.344661e+00   2.764170e-03   7.710317e-05
  2.349547e+00   2.952010e-03   7.720861e-05
  2.354432e+00   2.820010e-03   7.758119e-05
  2.359318e+00   2.788500e-03   7.704701e-05
  2.364204e+00   2.716380e-03   7.777015e-05
  2.369090e+00   2.767000e-03   7.812935e-05
  2.373975e+00   2.786510e-03   7.797402e-05
  2.378861e+00   2.784530e-03   7.746794e-05
  2.383747e+00   2.541490e-03   7.832190e-05
  2.388632e+00   2.677080e-03   7.855739e-05
  2.393518e+00   2.558680e-03   7.805528e-05
  2.398404e+00   2.691210e-03   7.849713e-05
  2.403290e+00   2.728310e-03   7.888536e-05
  2.408175e+00   2.640290e-03   7.908302e-05
  2.413061e+00   2.533720e-03   7.839194e-05
  2.417947e+00   2.714500e-03   7.911385e-05
  2.422832e+00   2.542550e-03   7.945062e-05
  2.427718e+00   2.574880e-03   7.934224e-05
  2.432604e+00   2.524960e-03   7.869824e-05
  2.437490e+00   2.427790e-03   7.892392e-05
  2.442375e+00   2.506470e-03   7.939445e-05
  2.447261e+00   2.515060e-03   7.925387e-05
  2.452147e+00   2.598080e-03   7.909582e-05
  2.457033e+00   2.699320e-03   7.964282e-05
  2.461918e+00   2.442010e-03   7.989069e-05
  2.466804e+00   2.452670e-03   7.920643e-05
  2.471690e+00   2.628640e-03   7.949217e-05
  2.476575e+00   2.471100e-03   7.998933e-05
  2.481461e+00   2.400820e-03   7.977351e-05
  2.486347e+00   2.475120e-03   7.977810e-05
  2.491233e+00   2.414830e-03   8.007153e-05
  2.496118e+00   2.303240e-03   8.021386e-05
  2.501004e+00   2.361200e-03   8.010226e-05
  2.505890e+00   2.544450e-03   7.993089e-05
  2.510775e+00   2.460020e-03   8.036611e-05
  2.515661e+00   2.320460e-03   8.027761e-05
  2.520547e+00   2.301520e-03   8.014845e-05
  2.525433e+00   2.393470e-03   8.041745e-05
  2.530318e+00   2.396450e-03   8.102390e-05
  2.535204e+00   2.219800e-03   8.283060e-05
  2.540090e+00   2.471390e-03   8.287724e-05
  2.544976e+00   2.042040e-03   8.384333e-05
  2.549861e+00   2.296040e-03   8.446429e-05
  2.554747e+00   2.329930e-03   8.415656e-05
  2.559633e+00   2.287770e-03   8.381519e-05
  2.564518e+00   2.266530e-03   8.436759e-05
  2.569404e+00   2.297510e-03   8.485660e-05
  2.574290e+00   2.180440e-03   8.469450e-05
  2.579176e+00   2.310870e-03   8.496897e-05
  2.584061e+00   2.178400e-03   8.552148e-05
  2.588947e+00   1.983990e-03   8.512127e-05
  2.593833e+00   2.127890e-03   8.466118e-05
  2.598719e+00   2.138110e-03   8.481474e-05
  2.603604e+00   2.210020e-03   8.512167e-05
  2.608490e+00   2.140020e-03   8.521121e-05
  2.613376e+00   2.109550e-03   8.448234e-05
  2.618261e+00   1.945050e-03   8.497981e-05
  2.623147e+00   1.996530e-03   8.468103e-05
  2.628033e+00   2.139980e-03   8.483727e-05
  2.632919e+00   2.081270e-03   8.456521e-05
  2.637804e+00   2.064210e-03   8.475823e-05
  2.642690e+00   2.104350e-03   8.505802e-05
  2.647576e+00   2.013460e-03   8.433698e-05
  2.652461e+00   2.240510e-03   8.463451e-05
  2.657347e+00   2.136410e-03   8.466174e-05
  2.662233e+00   2.121440e-03   8.466133e-05
  2.667119e+00   2.075500e-03   8.401098e-05
  2.672004e+00   2.047010e-03   8.465563e-05
  2.676890e+00   2.187840e-03   8.480495e-05
  2.681776e+00   2.101240e-03   8.397214e-05
  2.686662e+00   2.139410e-03   8.376565e-05
  2.691547e+00   1.938400e-03   8.433630e-05
  2.696433e+00   2.073580e-03   8.453022e-05
  2.701319e+00   2.122750e-03   8.393599e-05
  2.706204e+00   2.076210e-03   8.387260e-05
  2.711090e+00   1.959300e-03   8.513165e-05
  2.715976e+00   2.030040e-03   8.614741e-05
  2.720862e+00   1.913300e-03   8.636222e-05
  2.725747e+00   1.861300e-03   8.671935e-05
  2.730633e+00   2.046450e-03   8.754820e-05
  2.735519e+00   2.007770e-03   8.803618e-05
  2.740404e+00   2.036800e-03   8.775029e-05
  2.745290e+00   1.857280e-03   8.877190e-05
  2.750176e+00   1.972540e-03   8.901528e-05
  2.755062e+00   1.871800e-03   8.863261e-05
  2.759947e+00   1.921850e-03   8.916249e-05
  2.764833e+00   1.822170e-03   8.985785e-05
  2.769719e+00   1.893160e-03   9.006340e-05
  2.774605e+00   1.877890e-03   8.921165e-05
  2.779490e+00   1.933780e-03   8.821250e-05
  2.784376e+00   1.766460e-03   8.765816e-05
  2.789262e+00   1.894320e-03   8.751084e-05
  2.794147e+00   1.968240e-03   8.687527e-05
  2.799033e+00   1.899590e-03   8.706917e-05
  2.803919e+00   1.944700e-03   8.669050e-05
  2.808805e+00   1.814150e-03   8.612150e-05
  2.813690e+00   1.828860e-03   8.585300e-05
  2.818576e+00   1.764100e-03   8.597890e-05
  2.823462e+00   1.717790e-03   8.636160e-05
  2.828347e+00   1.824300e-03   8.517980e-05
  2.833233e+00   1.964840e-03   8.532966e-05
  2.838119e+00   1.972480e-03   8.591319e-05
  2.843005e+00   1.826290e-03   8.540101e-05
  2.847890e+00   1.799530e-03   8.460159e-05
  2.852776e+00   1.699650e-03   8.525981e-05
  2.857662e+00   1.696160e-03   8.540407e-05
  2.862548e+00   1.699370e-03   8.488482e-05
  2.867433e+00   1.844510e-03   8.416680e-05
  2.872319e+00   1.733820e-03   8.507246e-05
  2.877205e+00   1.769070e-03   8.452955e-05
  2.882090e+00   1.749900e-03   8.432700e-05
  2.886976e+00   1.775560e-03   8.439910e-05
  2.891862e+00   1.666170e-03   8.444965e-05
  2.896748e+00   1.730640e-03   8.469933e-05
  2.901633e+00   1.686580e-03   8.333654e-05
  2.906519e+00   1.743880e-03   8.398531e-05
  2.911405e+00   1.616140e-03   8.411921e-05
  2.916290e+00   1.700780e-03   8.366476e-05
  2.921176e+00   1.826740e-03   8.346189e-05
  2.926062e+00   1.824720e-03   8.355525e-05
  2.930948e+00   1.639840e-03   8.357811e-05
  2.935833e+00   1.717160e-03   8.306654e-05
  2.940719e+00   1.688330e-03   8.318224e-05
  2.945605e+00   1.813350e-03   8.351527e-05
  2.950491e+00   1.600390e-03   8.327022e-05
  2.955376e+00   1.816950e-03   8.251867e-05
  2.960262e+00   1.661010e-03   8.289028e-05
  2.965148e+00   1.710000e-03   8.322484e-05
  2.970033e+00   1.733700e-03   8.294283e-05
  2.974919e+00   1.684130e-03   8.216241e-05
  2.979805e+00   1.619300e-03   8.330047e-05
  2.984691e+00   1.680530e-03   8.264492e-05
  2.989576e+00   1.617630e-03   8.228666e-05
  2.994462e+00   1.643530e-03   8.243185e-05
  2.999348e+00   1.693010e-03   8.251527e-05
  3.004233e+00   1.588490e-03   8.279619e-05
  3.009119e+00   1.561150e-03   8.173979e-05
  3.014005e+00   1.629800e-03   8.255375e-05
  3.018891e+00   1.614330e-03   8.219684e-05
  3.023776e+00   1.543900e-03   8.209956e-05
  3.028662e+00   1.535880e-03   8.157348e-05
  3.033548e+00   1.546050e-03   8.201465e-05
  3.038434e+00   1.558590e-03   8.242755e-05
  3.043319e+00   1.679280e-03   8.195304e-05
  3.048205e+00   1.557800e-03   8.152756e-05
  3.053091e+00   1.566570e-03   8.182659e-05
  3.057976e+00   1.497520e-03   8.191953e-05
  3.062862e+00   1.487390e-03   8.170841e-05
  3.067748e+00   1.575400e-03   8.180381e-05
  3.072634e+00   1.710680e-03   8.248123e-05
  3.077519e+00   1.632690e-03   8.258861e-05
  3.082405e+00   1.569650e-03   8.196961e-05
  3.087291e+00   1.458880e-03   8.237656e-05
  3.092176e+00   1.522110e-03   8.271584e-05
  3.097062e+00   1.504530e-03   8.245596e-05
  3.101948e+00   1.492230e-03   8.223889e-05
  3.106834e+00   1.510040e-03   8.275992e-05
  3.111719e+00   1.509920e-03   8.300501e-05
  3.116605e+00   1.434290e-03   8.200271e-05
  3.121491e+00   1.660540e-03   8.271660e-05
  3.126377e+00   1.479790e-03   8.250508e-05
  3.131262e+00   1.528370e-03   8.337120e-05
  3.136148e+00   1.607430e-03   8.202142e-05
  3.141034e+00   1.436620e-03   8.280468e-05
  3.145919e+00   1.441180e-03   8.280821e-05
  3.150805e+00   1.492660e-03   8.261097e-05
  3.155691e+00   1.438890e-03   8.253189e-05
  3.160577e+00   1.308880e-03   8.263975e-05
  3.165462e+00   1.459300e-03   8.320128e-05
  3.170348e+00   1.364960e-03   8.218076e-05
  3.175234e+00   1.554600e-03   8.238892e-05
  3.180120e+00   1.466280e-03   8.258089e-05
  3.185005e+00   1.368020e-03   8.314497e-05
  3.189891e+00   1.484340e-03   8.205991e-05
  3.194777e+00   1.544980e-03   8.253521e-05
  3.199662e+00   1.276400e-03   8.260798e-05
  3.204548e+00   1.338010e-03   8.241411e-05
  3.209434e+00   1.497710e-03   8.243863e-05
  3.214320e+00   1.448530e-03   8.303008e-05
  3.219205e+00   1.323210e-03   8.240997e-05
  3.224091e+00   1.327990e-03   8.246257e-05
  3.228977e+00   1.365460e-03   8.257278e-05
  3.233862e+00   1.526640e-03   8.274750e-05
  3.238748e+00   1.488250e-03   8.280809e-05
  3.243634e+00   1.543650e-03   8.244577e-05
  3.248520e+00   1.191950e-03   8.254219e-05
  3.253405e+00   1.333470e-03   8.262316e-05
  3.258291e+00   1.564740e-03   8.275297e-05
  3.263177e+00   1.288780e-03   8.241440e-05
  3.268063e+00   1.372840e-03   8.261216e-05
  3.272948e+00   1.391590e-03   8.261589e-05
  3.277834e+00   1.367120e-03   8.225027e-05
  3.282720e+00   1.263640e-03   8.276004e-05
  3.287605e+00   1.342110e-03   8.264138e-05
  3.292491e+00   1.325140e-03   8.291448e-05
  3.297377e+00   1.261900e-03   8.211732e-05
  3.302263e+00   1.268590e-03   8.245900e-05
  3.307148e+00   1.218870e-03   8.276379e-05
  3.312034e+00   1.346600e-03   8.229582e-05
  3.316920e+00   1.345830e-03   8.220200e-05
  3.321805e+00   1.335480e-03   8.262782e-05
  3.326691e+00   1.224530e-03   8.256346e-05
  3.331577e+00   1.273110e-03   8.225863e-05
  3.336463e+00   1.290140e-03   8.198581e-05
  3.341348e+00   1.299140e-03   8.243188e-05
  3.346234e+00   1.241630e-03   8.257677e-05
  3.351120e+00   1.224750e-03   8.208129e-05
  3.356006e+00   1.286260e-03   8.255264e-05
  3.360891e+00   1.219530e-03   8.201755e-05
  3.365777e+00   1.135130e-03   8.243877e-05
  3.370663e+00   1.351370e-03   8.158519e-05
  3.375548e+00   1.297870e-03   8.220048e-05
  3.380434e+00   1.329740e-03   8.231379e-05
  3.385320e+00   1.248980e-03   8.202522e-05
  3.390206e+00   1.338290e-03   8.176298e-05
  3.395091e+00   1.395920e-03   8.179697e-05
  3.399977e+00   1.161250e-03   8.196672e-05
  3.404863e+00   1.212660e-03   8.156742e-05
  3.409748e+00   1.295610e-03   8.150778e-05
  3.414634e+00   1.177610e-03   8.192014e-05
  3.419520e+00   1.227240e-03   8.142415e-05
  3.424406e+00   1.303260e-03   8.158934e-05
  3.429291e+00   1.106460e-03   8.151828e-05
  3.434177e+00   1.341430e-03   8.177919e-05
  3.439063e+00   1.261370e-03   8.103099e-05
  3.443949e+00   1.114190e-03   8.154687e-05
  3.448834e+00   1.263480e-03   8.149020e-05
  3.453720e+00   1.134970e-03   8.155716e-05
  3.458606e+00   1.174590e-03   8.096095e-05
  3.463491e+00   1.337900e-03   8.134034e-05
  3.468377e+00   1.240540e-03   8.140330e-05
  3.473263e+00   1.196980e-03   8.171046e-05
  3.478149e+00   1.320920e-03   8.099319e-05
  3.483034e+00   1.087770e-03   8.115734e-05
  3.487920e+00   1.322250e-03   8.086391e-05
  3.492806e+00   1.166770e-03   8.072150e-05
  3.497691e+00   1.236090e-03   8.086906e-05
  3.502577e+00   1.159140e-03   8.070796e-05
  3.507463e+00   1.215560e-03   8.214178e-05
  3.512349e+00   1.211610e-03   8.253193e-05
  3.517234e+00   1.277250e-03   8.328771e-05
  3.522120e+00   1.191100e-03   8.351817e-05
  3.527006e+00   1.135270e-03   8.410432e-05
  3.531892e+00   1.160400e-03   8.467215e-05
  3.536777e+00   1.107080e-03   8.565223e-05
  3.541663e+00   1.259540e-03   8.627283e-05
  3.546549e+00   1.184340e-03   8.677557e-05
  3.551434e+00   1.192310e-03   8.694408e-05
  3.556320e+00   1.108260e-03   8.775378e-05
  3.561206e+00   1.132850e-03   8.797394e-05
  3.566092e+00   1.113810e-03   8.908784e-05
  3.570977e+00   1.114430e-03   8.966478e-05
  3.575863e+00   1.137560e-03   8.976355e-05
  3.580749e+00   9.926500e-04   9.017103e-05
  3.585634e+00   1.166590e-03   9.084175e-05
  3.590520e+00   1.134770e-03   9.201465e-05
  3.595406e+00   1.226790e-03   9.221756e-05
  3.600292e+00   1.069380e-03   9.247946e-05
  3.605177e+00   1.176030e-03   9.238917e-05
  3.610063e+00   1.257630e-03   9.260666e-05
  3.614949e+00   1.266400e-03   9.319857e-05
  3.619835e+00   1.157780e-03   9.378049e-05
  3.624720e+00   1.027350e-03   9.378007e-05
  3.629606e+00   1.129290e-03   9.396308e-05
  3.634492e+00   9.820600e-04   9.478686e-05
  3.639377e+00   1.089640e-03   9.493862e-05
  3.644263e+00   1.230530e-03   9.540316e-05
  3.649149e+00   1.234900e-03   9.591888e-05
  3.654035e+00   1.275750e-03   9.578557e-05
  3.658920e+00   1.098610e-03   9.677290e-05
  3.663806e+00   1.118620e-03   9.714433e-05
  3.668692e+00   1.022450e-03   9.737763e-05
  3.673578e+00   1.089180e-03   9.735703e-05
  3.678463e+00   1.045740e-03   9.700684e-05
  3.683349e+00   1.042400e-03   9.744210e-05
  3.688235e+00   1.303500e-03   9.811482e-05
  3.693120e+00   1.081200e-03   9.835397e-05
  3.698006e+00   1.212170e-03   9.865335e-05
  3.702892e+00   1.075040e-03   9.842707e-05
  3.707778e+00   9.956500e-04   9.837048e-05
  3.712663e+00   1.122070e-03   9.939077e-05
  3.717549e+00   1.049900e-03   9.993109e-05
  3.722435e+00   1.056040e-03   9.962490e-05
  3.727320e+00   9.108800e-04   9.969222e-05
  3.732206e+00   1.141410e-03   1.007691e-04
  3.737092e+00   1.056000e-03   1.007172e-04
  3.741978e+00   9.475700e-04   1.015432e-04
  3.746863e+00   9.154600e-04   1.005357e-04
  3.751749e+00   9.318000e-04   1.011150e-04
  3.756635e+00   1.034300e-03   1.017599e-04
  3.761521e+00   9.816400e-04   1.014503e-04
  3.766406e+00   9.955100e-04   1.027192e-04
  3.771292e+00   1.174130e-03   1.018388e-04
  3.776178e+00   9.655200e-04   1.018786e-04
  3.781063e+00   9.337600e-04   1.030082e-04
  3.785949e+00   1.213250e-03   1.030734e-04
  3.790835e+00   8.488900e-04   1.041919e-04
  3.795721e+00   1.115730e-03   1.040147e-04
  3.800606e+00   8.339400e-04   1.035185e-04
  3.805492e+00   1.053600e-03   1.044243e-04
  3.810378e+00   1.020830e-03   1.044400e-04
  3.815263e+00   1.062860e-03   1.048707e-04
  3.820149e+00   1.181470e-03   1.042600e-04
  3.825035e+00   1.070250e-03   1.049864e-04
  3.829921e+00   9.973700e-04   1.047145e-04
  3.834806e+00   9.546500e-04   1.046200e-04
  3.839692e+00   1.061290e-03   1.051928e-04
  3.844578e+00   9.887700e-04   1.045198e-04
  3.849464e+00   9.899900e-04   1.049718e-04
  3.854349e+00   1.171470e-03   1.049003e-04
  3.859235e+00   9.461500e-04   1.053596e-04
  3.864121e+00   1.023120e-03   1.060119e-04
  3.869006e+00   1.246460e-03   1.047739e-04
  3.873892e+00   9.938900e-04   1.054500e-04
  3.878778e+00   9.083900e-04   1.048134e-04
  3.883664e+00   1.102550e-03   1.053411e-04
  3.888549e+00   1.127270e-03   1.057200e-04
  3.893435e+00   9.838400e-04   1.050089e-04
  3.898321e+00   9.997400e-04   1.055705e-04
  3.903206e+00   1.040550e-03   1.056132e-04
  3.908092e+00   1.031960e-03   1.052213e-04
  3.912978e+00   9.715200e-04   1.056358e-04
  3.917864e+00   1.013220e-03   1.057522e-04
  3.922749e+00   9.818400e-04   1.060699e-04
  3.927635e+00   1.065660e-03   1.056570e-04
  3.932521e+00   1.027720e-03   1.059364e-04
  3.937407e+00   1.038120e-03   1.063970e-04
  3.942292e+00   8.911500e-04   1.060841e-04
  3.947178e+00   8.632900e-04   1.062904e-04
  3.952064e+00   1.037380e-03   1.065447e-04
  3.956949e+00   1.000020e-03   1.071090e-04
  3.961835e+00   9.453900e-04   1.068739e-04
  3.966721e+00   1.062360e-03   1.061777e-04
  3.971607e+00   1.091780e-03   1.069905e-04
  3.976492e+00   1.000750e-03   1.063528e-04
  3.981378e+00   9.800100e-04   1.068168e-04
  3.986264e+00   8.132100e-04   1.072390e-04
  3.991149e+00   9.438500e-04   1.071209e-04
  3.996035e+00   1.020430e-03   1.066225e-04
  4.000921e+00   1.198820e-03   1.065709e-04
  4.005807e+00   8.479500e-04   1.068850e-04
  4.010692e+00   1.075140e-03   1.070329e-04
  4.015578e+00   1.134260e-03   1.064355e-04
  4.020464e+00   1.023020e-03   1.065126e-04
  4.025350e+00   9.294100e-04   1.065520e-04
  4.030235e+00   8.584300e-04   1.070573e-04
  4.035121e+00   8.978700e-04   1.072207e-04
  4.040007e+00   6.590600e-04   1.063941e-04
  4.044892e+00   8.238100e-04   1.065789e-04
  4.049778e+00   9.035400e-04   1.071940e-04
  4.054664e+00   9.875800e-04   1.071177e-04
  4.059550e+00   9.667800e-04   1.072908e-04
  4.064435e+00   7.295400e-04   1.077402e-04
  4.069321e+00   7.970400e-04   1.068416e-04
  4.074207e+00   7.586500e-04   1.072758e-04
  4.079092e+00   9.931500e-04   1.075054e-04
  4.083978e+00   9.502200e-04   1.080430e-04
  4.088864e+00   8.994700e-04   1.084792e-04
  4.093750e+00   7.600200e-04   1.081117e-04
  4.098635e+00   1.052820e-03   1.086081e-04
  4.103521e+00   1.009950e-03   1.096373e-04
  4.108407e+00   8.667600e-04   1.093721e-04
  4.113293e+00   1.008310e-03   1.097431e-04
  4.118178e+00   8.196100e-04   1.091110e-04
  4.123064e+00   9.084800e-04   1.096970e-04
  4.127950e+00   8.687200e-04   1.103362e-04
  4.132835e+00   9.967800e-04   1.105020e-04
  4.137721e+00   8.377000e-04   1.113422e-04
  4.142607e+00   1.109830e-03   1.117249e-04
  4.147493e+00   7.538800e-04   1.112829e-04
  4.152378e+00   1.099730e-03   1.121912e-04
  4.157264e+00   7.580300e-04   1.127302e-04
  4.162150e+00   9.226700e-04   1.135207e-04
  4.167036e+00   1.076020e-03   1.126213e-04
  4.171921e+00   9.981000e-04   1.137815e-04
  4.176807e+00   1.116470e-03   1.141545e-04
  4.181693e+00   7.960500e-04   1.147039e-04
  4.186578e+00   9.450800e-04   1.150608e-04
  4.191464e+00   9.423900e-04   1.147656e-04
  4.196350e+00   7.742600e-04   1.152316e-04
  4.201236e+00   1.106040e-03   1.157741e-04
  4.206121e+00   9.007200e-04   1.160520e-04
  4.211007e+00   7.875600e-04   1.170700e-04
  4.215893e+00   1.021060e-03   1.161074e-04
  4.220778e+00   7.352600e-04   1.174281e-04
  4.225664e+00   7.783300e-04   1.172272e-04
  4.230550e+00   8.551300e-04   1.185651e-04
  4.235436e+00   9.679300e-04   1.190444e-04
  4.240321e+00   8.839800e-04   1.185030e-04
  4.245207e+00   8.444600e-04   1.191110e-04
  4.250093e+00   9.069300e-04   1.193534e-04
  4.254979e+00   1.040060e-03   1.204072e-04
  4.259864e+00   1.030010e-03   1.203437e-04
  4.264750e+00   6.637100e-04   1.203904e-04
  4.269636e+00   7.618800e-04   1.212146e-04
  4.274521e+00   8.909100e-04   1.211162e-04
  4.279407e+00   8.431100e-04   1.219518e-04
  4.284293e+00   7.709800e-04   1.220488e-04
  4.289179e+00   7.724000e-04   1.221884e-04
  4.294064e+00   8.281600e-04   1.223810e-04
  4.298950e+00   7.982200e-04   1.240311e-04
  4.303836e+00   9.401400e-04   1.245321e-04
  4.308721e+00   8.899600e-04   1.245349e-04
  4.313607e+00   7.421300e-04   1.234849e-04
  4.318493e+00   6.418600e-04   1.250935e-04
  4.323379e+00   8.236500e-04   1.254269e-04
  4.328264e+00   7.808600e-04   1.265400e-04
  4.333150e+00   9.801400e-04   1.269035e-04
  4.338036e+00   8.266600e-04   1.269790e-04
  4.342922e+00   8.921200e-04   1.268665e-04
  4.347807e+00   6.428100e-04   1.272050e-04
  4.352693e+00   1.003930e-03   1.284190e-04
  4.357579e+00   9.750100e-04   1.288749e-04
  4.362464e+00   8.682900e-04   1.280150e-04
  4.367350e+00   7.572000e-04   1.297180e-04
  4.372236e+00   7.736400e-04   1.294808e-04
  4.377122e+00   9.340400e-04   1.307039e-04
  4.382007e+00   7.110000e-04   1.307669e-04
  4.386893e+00   8.472900e-04   1.300368e-04
  4.391779e+00   7.599400e-04   1.312597e-04
  4.396664e+00   9.134000e-04   1.320100e-04
  4.401550e+00   5.808400e-04   1.325016e-04
  4.406436e+00   6.961500e-04   1.327308e-04
  4.411322e+00   1.002190e-03   1.321560e-04
  4.416207e+00   8.650200e-04   1.329400e-04
  4.421093e+00   5.948000e-04   1.329020e-04
  4.425979e+00   7.220800e-04   1.344604e-04
  4.430865e+00   9.447800e-04   1.349025e-04
  4.435750e+00   8.719800e-04   1.346958e-04
  4.440636e+00   9.491200e-04   1.347142e-04
  4.445522e+00   5.784200e-04   1.357453e-04
  4.450407e+00   6.917300e-04   1.384776e-04
  4.455293e+00   7.130300e-04   1.396361e-04
  4.460179e+00   9.584900e-04   1.396554e-04
  4.465065e+00   8.784200e-04   1.400655e-04
  4.469950e+00   4.917600e-04   1.408073e-04
  4.474836e+00   1.041910e-03   1.419138e-04
  4.479722e+00   6.332800e-04   1.441739e-04
  4.484607e+00   9.559400e-04   1.437157e-04
  4.489493e+00   7.556400e-04   1.433628e-04
  4.494379e+00   9.480100e-04   1.453300e-04
  4.499265e+00   9.306900e-04   1.457981e-04
  4.504150e+00   7.373900e-04   1.471605e-04
  4.509036e+00   6.152600e-04   1.457152e-04
  4.513922e+00   8.145700e-04   1.469738e-04
  4.518808e+00   8.635100e-04   1.468873e-04
  4.523693e+00   7.486300e-04   1.484783e-04
  4.528579e+00   8.106000e-04   1.506299e-04
  4.533465e+00   7.357200e-04   1.499999e-04
  4.538350e+00   7.485400e-04   1.498468e-04
  4.543236e+00   7.411100e-04   1.496585e-04
  4.548122e+00   8.769200e-04   1.515893e-04
  4.553008e+00   6.651300e-04   1.523486e-04
  4.557893e+00   5.350700e-04   1.526962e-04
  4.562779e+00   4.988000e-04   1.531202e-04
  4.567665e+00   6.366600e-04   1.530907e-04
  4.572550e+00   8.425300e-04   1.546416e-04
  4.577436e+00   5.033500e-04   1.548394e-04
  4.582322e+00   7.292000e-04   1.558623e-04
  4.587208e+00   7.584000e-04   1.556240e-04
  4.592093e+00   5.758900e-04   1.565835e-04
  4.596979e+00   9.061400e-04   1.574501e-04
  4.601865e+00   8.749700e-04   1.588693e-04
  4.606751e+00   5.996700e-04   1.592009e-04
  4.611636e+00   5.984400e-04   1.568667e-04
  4.616522e+00   1.009860e-03   1.600934e-04
  4.621408e+00   9.543700e-04   1.595808e-04
  4.626293e+00   4.919100e-04   1.613356e-04
  4.631179e+00   7.415300e-04   1.628521e-04
  4.636065e+00   7.869900e-04   1.592312e-04
  4.640951e+00   8.739800e-04   1.615841e-04
  4.645836e+00   5.985200e-04   1.621698e-04
  4.650722e+00   8.377900e-04   1.632401e-04
  4.655608e+00   9.672300e-04   1.648434e-04
  4.660494e+00   8.358000e-04   1.628806e-04
  4.665379e+00   7.941900e-04   1.644384e-04
  4.670265e+00   7.998500e-04   1.651337e-04
  4.675151e+00   7.444600e-04   1.660027e-04
  4.680036e+00   8.997500e-04   1.685577e-04
  4.684922e+00   1.077820e-03   1.655205e-04
  4.689808e+00   7.086900e-04   1.672647e-04
  4.694694e+00   9.474100e-04   1.693596e-04
  4.699579e+00   3.877800e-04   1.680698e-04
  4.704465e+00   4.840200e-04   1.715059e-04
  4.709351e+00   5.246800e-04   1.687161e-04
  4.714236e+00   4.839400e-04   1.698167e-04
  4.719122e+00   8.185400e-04   1.721519e-04
  4.724008e+00   1.068350e-03   1.724688e-04
  4.728894e+00   6.537000e-04   1.778137e-04
  4.733779e+00   6.145400e-04   1.718270e-04
  4.738665e+00   6.619900e-04   1.735955e-04
  4.743551e+00   8.753800e-04   1.748095e-04
  4.748437e+00   8.846600e-04   1.765242e-04
  4.753322e+00   4.799300e-04   1.798065e-04
  4.758208e+00   7.410000e-04   1.762388e-04
  4.763094e+00   6.899000e-04   1.779228e-04
  4.767979e+00   9.172200e-04   1.773198e-04
  4.772865e+00   5.482100e-04   1.794262e-04
  4.777751e+00   1.170750e-03   1.830435e-04
  4.782637e+00   5.480500e-04   1.800965e-04
  4.787522e+00   8.936500e-04   1.804129e-04
  4.792408e+00   3.591400e-04   1.823123e-04
  4.797294e+00   6.712300e-04   1.854375e-04
  4.802179e+00   8.108900e-04   1.858379e-04
  4.807065e+00   8.093700e-04   1.836240e-04
  4.811951e+00   9.531300e-04   1.854508e-04
  4.816837e+00   6.201100e-04   1.844341e-04
  4.821722e+00   9.920300e-04   1.871712e-04
  4.826608e+00   3.840200e-04   1.908348e-04
  4.831494e+00   7.285200e-04   1.891083e-04
  4.836380e+00   7.931000e-04   1.881410e-04
  4.841265e+00   4.054700e-04   1.890470e-04
  4.846151e+00   6.536600e-04   1.919322e-04
  4.851037e+00   6.043600e-04   1.953470e-04
  4.855922e+00   8.369700e-04   1.921996e-04
  4.860808e+00   4.277800e-04   1.932518e-04
  4.865694e+00   5.865900e-04   1.936873e-04
  4.870580e+00   6.912900e-04   1.948278e-04
  4.875465e+00   3.965400e-04   1.988468e-04
  4.880351e+00   3.459500e-04   1.969287e-04
  4.885237e+00   3.836300e-04   1.974931e-04
  4.890122e+00   7.370800e-04   1.974328e-04
  4.895008e+00   5.583100e-04   1.986009e-04
  4.899894e+00   8.710400e-04   2.031584e-04
  4.904780e+00   5.218100e-04   2.033363e-04
  4.909665e+00   6.052800e-04   2.014855e-04
  4.914551e+00   8.263600e-04   2.035387e-04
  4.919437e+00   6.277200e-04   2.038981e-04
  4.924323e+00   8.995500e-04   2.074713e-04
  4.929208e+00   5.052900e-04   2.303077e-04
  4.934094e+00   2.930100e-04   3.424468e-04
  4.938980e+00  -2.368500e-04   4.025654e-04
  4.943865e+00   1.753640e-03   4.821308e-04
  4.948751e+00  -7.137100e-04   5.791005e-04
  4.953637e+00  -7.998600e-04   7.183844e-04
  4.958523e+00  -1.511240e-03   9.272613e-04
range-from: 1
range-to: 1000
range-from: 1
range-to: 1000
parent: /Users/oskarsvensson/Desktop/SAXS/Hst1_HS/Hst1_HS_2_sc/Hst1_HS_4p77_Hst1_HS_Buffer (Rad dmg)/frames/4.77 mgml/avrg_002.dat
parent: /Users/oskarsvensson/Desktop/SAXS/Hst1_HS/Hst1_HS_2_sc/Hst1_HS_4p77_Hst1_HS_Buffer (Rad dmg)/frames/4.77 mgml/avrg_001.dat
creator: datop
creator-version: v0.4 (r14885)
datop-operation: /Users/oskarsvensson/Desktop/SAXS/Hst1_HS/Hst1_HS_2_sc/Hst1_HS_4p77_Hst1_HS_Buffer (Rad dmg)/frames/4.77 mgml/avrg_002.dat SUB /Users/oskarsvensson/Desktop/SAXS/Hst1_HS/Hst1_HS_2_sc/Hst1_HS_4p77_Hst1_HS_Buffer (Rad dmg)/frames/4.77 mgml/avrg_001.dat
