Sample description: 
Sample:   c= 0 mg/ml  Code: 
Parent(s): /Users/oskarsvensson/Desktop/SAXS/Hst1_HS/Hst1_HS_2_sc/Hst1_HS_0p21_Hst1_HS_Buffer/frames/0.21 mgml/avrg_002.dat /Users/oskarsvensson/Desktop/SAXS/Hst1_HS/Hst1_HS_2_sc/Hst1_HS_0p21_Hst1_HS_Buffer/frames/0.21 mgml/avrg_001.dat
  7.768555e-02   4.394100e-04   1.682535e-03
  8.257128e-02   3.670700e-03   9.086834e-04
  8.745700e-02   2.370490e-03   7.444679e-04
  9.234272e-02   2.158890e-03   6.162355e-04
  9.722845e-02   2.295510e-03   5.479445e-04
  1.021142e-01   2.376140e-03   4.932581e-04
  1.069999e-01   2.577470e-03   4.611136e-04
  1.118856e-01   1.947240e-03   4.271052e-04
  1.167713e-01   1.878870e-03   3.959848e-04
  1.216571e-01   1.952350e-03   3.778948e-04
  1.265428e-01   2.011540e-03   3.549480e-04
  1.314285e-01   2.107980e-03   3.434129e-04
  1.363142e-01   1.913580e-03   3.250044e-04
  1.412000e-01   1.790000e-03   3.146228e-04
  1.460857e-01   1.315560e-03   2.985615e-04
  1.509714e-01   1.901120e-03   2.904729e-04
  1.558571e-01   1.766600e-03   2.780856e-04
  1.607428e-01   2.339140e-03   2.704574e-04
  1.656286e-01   1.954570e-03   2.675671e-04
  1.705143e-01   2.138110e-03   2.573198e-04
  1.754000e-01   2.335740e-03   2.488663e-04
  1.802857e-01   1.803310e-03   2.438297e-04
  1.851715e-01   2.210180e-03   2.412217e-04
  1.900572e-01   2.121050e-03   2.338673e-04
  1.949429e-01   1.790810e-03   2.291047e-04
  1.998286e-01   2.061840e-03   2.250197e-04
  2.047143e-01   1.877960e-03   2.211790e-04
  2.096001e-01   1.992150e-03   2.176380e-04
  2.144858e-01   2.004290e-03   2.126349e-04
  2.193715e-01   2.026670e-03   2.094311e-04
  2.242572e-01   2.145540e-03   2.076609e-04
  2.291430e-01   2.207080e-03   2.018129e-04
  2.340287e-01   1.983890e-03   1.978182e-04
  2.389144e-01   1.978420e-03   1.969518e-04
  2.438001e-01   1.559210e-03   1.951839e-04
  2.486859e-01   2.152000e-03   1.906211e-04
  2.535716e-01   1.701290e-03   1.874345e-04
  2.584573e-01   1.740050e-03   1.879698e-04
  2.633430e-01   2.044880e-03   1.875398e-04
  2.682287e-01   1.958410e-03   1.903617e-04
  2.731145e-01   1.703970e-03   1.905917e-04
  2.780002e-01   2.065160e-03   1.977064e-04
  2.828859e-01   2.060090e-03   1.994760e-04
  2.877716e-01   1.959210e-03   2.004533e-04
  2.926574e-01   1.890680e-03   2.038373e-04
  2.975431e-01   2.071590e-03   2.043996e-04
  3.024288e-01   2.029330e-03   2.006081e-04
  3.073145e-01   2.007350e-03   1.944178e-04
  3.122002e-01   1.900030e-03   1.921632e-04
  3.170860e-01   1.754180e-03   1.918478e-04
  3.219717e-01   1.970280e-03   1.886669e-04
  3.268574e-01   1.734530e-03   1.820163e-04
  3.317431e-01   2.142420e-03   1.791258e-04
  3.366289e-01   2.017550e-03   1.726983e-04
  3.415146e-01   1.917700e-03   1.707837e-04
  3.464003e-01   1.848800e-03   1.683978e-04
  3.512860e-01   1.864880e-03   1.673946e-04
  3.561718e-01   1.758880e-03   1.639775e-04
  3.610575e-01   1.993930e-03   1.620480e-04
  3.659432e-01   1.920650e-03   1.626723e-04
  3.708289e-01   1.838490e-03   1.618231e-04
  3.757146e-01   1.840940e-03   1.588908e-04
  3.806004e-01   1.834850e-03   1.564681e-04
  3.854861e-01   1.751790e-03   1.562376e-04
  3.903718e-01   1.656150e-03   1.536865e-04
  3.952575e-01   1.767250e-03   1.516479e-04
  4.001433e-01   1.619820e-03   1.510155e-04
  4.050290e-01   1.640230e-03   1.505102e-04
  4.099147e-01   1.985440e-03   1.478970e-04
  4.148004e-01   1.696160e-03   1.472523e-04
  4.196861e-01   1.871360e-03   1.456759e-04
  4.245719e-01   1.615470e-03   1.451736e-04
  4.294576e-01   1.822240e-03   1.444136e-04
  4.343433e-01   1.598470e-03   1.434148e-04
  4.392290e-01   1.781480e-03   1.429649e-04
  4.441148e-01   1.713080e-03   1.434572e-04
  4.490005e-01   1.629560e-03   1.401856e-04
  4.538862e-01   1.922150e-03   1.388892e-04
  4.587719e-01   1.766910e-03   1.403977e-04
  4.636577e-01   1.671980e-03   1.384056e-04
  4.685434e-01   1.539070e-03   1.370373e-04
  4.734291e-01   1.643070e-03   1.353938e-04
  4.783148e-01   1.832200e-03   1.360888e-04
  4.832005e-01   1.608800e-03   1.338839e-04
  4.880863e-01   1.718540e-03   1.335479e-04
  4.929720e-01   1.637850e-03   1.353070e-04
  4.978577e-01   1.635220e-03   1.360050e-04
  5.027434e-01   1.309880e-03   1.360875e-04
  5.076292e-01   1.569260e-03   1.369136e-04
  5.125149e-01   1.536470e-03   1.373514e-04
  5.174006e-01   1.551760e-03   1.372416e-04
  5.222863e-01   1.727290e-03   1.366769e-04
  5.271720e-01   1.599540e-03   1.363613e-04
  5.320578e-01   1.516250e-03   1.373531e-04
  5.369435e-01   1.705570e-03   1.355611e-04
  5.418292e-01   1.499290e-03   1.360915e-04
  5.467149e-01   1.596080e-03   1.359695e-04
  5.516007e-01   1.597340e-03   1.375723e-04
  5.564864e-01   1.653490e-03   1.350427e-04
  5.613721e-01   1.699690e-03   1.308496e-04
  5.662578e-01   1.709400e-03   1.304530e-04
  5.711436e-01   1.390210e-03   1.288866e-04
  5.760293e-01   1.524120e-03   1.277114e-04
  5.809150e-01   1.377470e-03   1.255278e-04
  5.858007e-01   1.691050e-03   1.257651e-04
  5.906864e-01   1.628810e-03   1.248596e-04
  5.955722e-01   1.513160e-03   1.229096e-04
  6.004579e-01   1.671290e-03   1.229835e-04
  6.053436e-01   1.514450e-03   1.223191e-04
  6.102293e-01   1.409770e-03   1.215637e-04
  6.151151e-01   1.564310e-03   1.205590e-04
  6.200008e-01   1.476910e-03   1.193371e-04
  6.248865e-01   1.610720e-03   1.206016e-04
  6.297722e-01   1.451680e-03   1.186469e-04
  6.346579e-01   1.490650e-03   1.186051e-04
  6.395437e-01   1.409320e-03   1.182595e-04
  6.444294e-01   1.291510e-03   1.176756e-04
  6.493151e-01   1.610400e-03   1.164015e-04
  6.542008e-01   1.364600e-03   1.154243e-04
  6.590866e-01   1.650900e-03   1.164881e-04
  6.639723e-01   1.404240e-03   1.150834e-04
  6.688580e-01   1.611500e-03   1.147238e-04
  6.737437e-01   1.417950e-03   1.135525e-04
  6.786295e-01   1.292840e-03   1.139215e-04
  6.835152e-01   1.465430e-03   1.132053e-04
  6.884009e-01   1.226940e-03   1.120795e-04
  6.932866e-01   1.511990e-03   1.122571e-04
  6.981723e-01   1.293190e-03   1.121953e-04
  7.030581e-01   1.169240e-03   1.105326e-04
  7.079438e-01   1.292870e-03   1.099910e-04
  7.128295e-01   1.382620e-03   1.100525e-04
  7.177152e-01   1.323600e-03   1.102551e-04
  7.226010e-01   1.340710e-03   1.092920e-04
  7.274867e-01   1.371820e-03   1.084355e-04
  7.323724e-01   1.128720e-03   1.088082e-04
  7.372581e-01   1.292530e-03   1.073658e-04
  7.421439e-01   1.127890e-03   1.071006e-04
  7.470296e-01   1.295740e-03   1.072232e-04
  7.519153e-01   1.323640e-03   1.071065e-04
  7.568010e-01   1.349830e-03   1.063638e-04
  7.616867e-01   1.168610e-03   1.052410e-04
  7.665725e-01   1.132080e-03   1.053274e-04
  7.714582e-01   1.520440e-03   1.053870e-04
  7.763439e-01   1.371240e-03   1.045934e-04
  7.812296e-01   1.145250e-03   1.038821e-04
  7.861154e-01   1.119280e-03   1.039597e-04
  7.910011e-01   1.307970e-03   1.041332e-04
  7.958868e-01   1.057260e-03   1.025880e-04
  8.007725e-01   1.140400e-03   1.021326e-04
  8.056582e-01   1.355240e-03   1.027442e-04
  8.105440e-01   1.148330e-03   1.019667e-04
  8.154297e-01   1.196750e-03   1.018228e-04
  8.203154e-01   1.161320e-03   1.008900e-04
  8.252011e-01   1.182360e-03   1.013752e-04
  8.300869e-01   1.179840e-03   1.002516e-04
  8.349726e-01   1.132520e-03   1.001442e-04
  8.398583e-01   1.039940e-03   9.989616e-05
  8.447440e-01   1.188370e-03   1.000284e-04
  8.496298e-01   1.220590e-03   9.923657e-05
  8.545155e-01   1.068750e-03   9.811064e-05
  8.594012e-01   1.096350e-03   9.880283e-05
  8.642869e-01   1.068720e-03   9.833941e-05
  8.691726e-01   9.829200e-04   9.752519e-05
  8.740584e-01   1.045390e-03   9.740001e-05
  8.789441e-01   1.093730e-03   9.747845e-05
  8.838298e-01   1.280200e-03   9.675585e-05
  8.887155e-01   1.061300e-03   9.646834e-05
  8.936013e-01   1.032440e-03   9.599633e-05
  8.984870e-01   1.029490e-03   9.635677e-05
  9.033727e-01   1.086930e-03   9.517239e-05
  9.082584e-01   1.192600e-03   9.520071e-05
  9.131441e-01   1.046200e-03   9.467474e-05
  9.180299e-01   1.088290e-03   9.505055e-05
  9.229156e-01   1.062020e-03   9.426020e-05
  9.278013e-01   1.012430e-03   9.335300e-05
  9.326870e-01   1.070080e-03   9.438416e-05
  9.375728e-01   9.492100e-04   9.353756e-05
  9.424585e-01   1.065720e-03   9.297075e-05
  9.473442e-01   9.426700e-04   9.244512e-05
  9.522299e-01   9.089900e-04   9.308329e-05
  9.571157e-01   9.685700e-04   9.208120e-05
  9.620014e-01   9.038400e-04   9.204720e-05
  9.668871e-01   6.851800e-04   9.143830e-05
  9.717728e-01   9.826200e-04   9.167215e-05
  9.766585e-01   1.014360e-03   9.095040e-05
  9.815443e-01   9.354900e-04   9.064669e-05
  9.864300e-01   9.660300e-04   9.081251e-05
  9.913157e-01   9.997600e-04   9.106780e-05
  9.962014e-01   8.332100e-04   9.007820e-05
  1.001087e+00   1.035710e-03   8.959473e-05
  1.005973e+00   1.001900e-03   9.029117e-05
  1.010859e+00   1.019940e-03   8.989412e-05
  1.015744e+00   1.007170e-03   8.887401e-05
  1.020630e+00   8.415800e-04   8.922802e-05
  1.025516e+00   9.703400e-04   8.942098e-05
  1.030401e+00   8.617700e-04   8.850923e-05
  1.035287e+00   9.491900e-04   8.825608e-05
  1.040173e+00   8.449200e-04   8.846357e-05
  1.045059e+00   8.923300e-04   8.824522e-05
  1.049944e+00   9.692000e-04   8.808444e-05
  1.054830e+00   9.775500e-04   8.753914e-05
  1.059716e+00   9.558400e-04   8.764298e-05
  1.064602e+00   7.631400e-04   8.765560e-05
  1.069487e+00   7.652000e-04   8.682823e-05
  1.074373e+00   1.057600e-03   8.674748e-05
  1.079259e+00   8.330500e-04   8.798052e-05
  1.084144e+00   1.072840e-03   8.850164e-05
  1.089030e+00   8.723000e-04   8.881837e-05
  1.093916e+00   8.250300e-04   8.863914e-05
  1.098802e+00   8.031800e-04   8.904817e-05
  1.103687e+00   7.404100e-04   8.875947e-05
  1.108573e+00   8.091700e-04   8.882086e-05
  1.113459e+00   9.201400e-04   8.911095e-05
  1.118345e+00   8.510400e-04   8.929722e-05
  1.123230e+00   8.495900e-04   8.937178e-05
  1.128116e+00   8.827800e-04   8.875401e-05
  1.133002e+00   8.293300e-04   8.918126e-05
  1.137887e+00   7.932600e-04   8.907935e-05
  1.142773e+00   7.065600e-04   8.878467e-05
  1.147659e+00   6.473100e-04   8.741968e-05
  1.152545e+00   8.426200e-04   8.721667e-05
  1.157430e+00   7.071600e-04   8.649767e-05
  1.162316e+00   8.211300e-04   8.579885e-05
  1.167202e+00   9.455100e-04   8.560286e-05
  1.172087e+00   7.534800e-04   8.592128e-05
  1.176973e+00   8.002400e-04   8.496229e-05
  1.181859e+00   9.251200e-04   8.459828e-05
  1.186745e+00   8.928800e-04   8.460431e-05
  1.191630e+00   7.297000e-04   8.465360e-05
  1.196516e+00   7.055200e-04   8.399699e-05
  1.201402e+00   5.683900e-04   8.381732e-05
  1.206288e+00   7.716000e-04   8.407852e-05
  1.211173e+00   6.772800e-04   8.360325e-05
  1.216059e+00   5.855400e-04   8.285216e-05
  1.220945e+00   8.312400e-04   8.256860e-05
  1.225830e+00   6.770100e-04   8.316376e-05
  1.230716e+00   7.120200e-04   8.250830e-05
  1.235602e+00   7.755700e-04   8.220890e-05
  1.240488e+00   5.855900e-04   8.191038e-05
  1.245373e+00   5.105800e-04   8.233241e-05
  1.250259e+00   6.673800e-04   8.141791e-05
  1.255145e+00   7.610800e-04   8.101209e-05
  1.260030e+00   7.423400e-04   8.140483e-05
  1.264916e+00   7.559600e-04   8.158863e-05
  1.269802e+00   8.582100e-04   8.074766e-05
  1.274688e+00   8.363300e-04   8.030850e-05
  1.279573e+00   6.320900e-04   8.076293e-05
  1.284459e+00   5.990000e-04   8.018068e-05
  1.289345e+00   8.413200e-04   7.992751e-05
  1.294231e+00   6.835800e-04   7.987651e-05
  1.299116e+00   6.568600e-04   8.000210e-05
  1.304002e+00   5.907500e-04   7.932187e-05
  1.308888e+00   5.369600e-04   7.938827e-05
  1.313773e+00   6.196700e-04   8.052166e-05
  1.318659e+00   6.296000e-04   8.107856e-05
  1.323545e+00   5.150500e-04   8.085116e-05
  1.328431e+00   6.073100e-04   8.092399e-05
  1.333316e+00   6.619400e-04   8.148863e-05
  1.338202e+00   4.988600e-04   8.130509e-05
  1.343088e+00   5.672800e-04   8.110490e-05
  1.347973e+00   6.148600e-04   8.143175e-05
  1.352859e+00   5.269700e-04   8.159109e-05
  1.357745e+00   5.593300e-04   8.121302e-05
  1.362631e+00   5.388700e-04   8.146306e-05
  1.367516e+00   7.197200e-04   8.141026e-05
  1.372402e+00   5.432800e-04   8.171295e-05
  1.377288e+00   5.068500e-04   8.043485e-05
  1.382174e+00   5.695400e-04   7.963872e-05
  1.387059e+00   5.313900e-04   7.932353e-05
  1.391945e+00   6.119500e-04   7.903655e-05
  1.396831e+00   5.133400e-04   7.874782e-05
  1.401716e+00   5.517900e-04   7.819565e-05
  1.406602e+00   5.955700e-04   7.879784e-05
  1.411488e+00   4.235700e-04   7.811345e-05
  1.416374e+00   4.869000e-04   7.761463e-05
  1.421259e+00   5.995100e-04   7.749121e-05
  1.426145e+00   6.868000e-04   7.759556e-05
  1.431031e+00   4.958300e-04   7.716707e-05
  1.435916e+00   4.247000e-04   7.704471e-05
  1.440802e+00   5.506900e-04   7.690788e-05
  1.445688e+00   4.218500e-04   7.672626e-05
  1.450574e+00   6.221900e-04   7.633026e-05
  1.455459e+00   5.653400e-04   7.590234e-05
  1.460345e+00   6.046000e-04   7.598127e-05
  1.465231e+00   5.368500e-04   7.637381e-05
  1.470117e+00   4.926400e-04   7.540448e-05
  1.475002e+00   5.433600e-04   7.534041e-05
  1.479888e+00   4.845300e-04   7.555411e-05
  1.484774e+00   4.284700e-04   7.514867e-05
  1.489659e+00   6.401800e-04   7.498881e-05
  1.494545e+00   4.687600e-04   7.472277e-05
  1.499431e+00   5.730700e-04   7.511287e-05
  1.504317e+00   5.627200e-04   7.446697e-05
  1.509202e+00   5.802000e-04   7.410004e-05
  1.514088e+00   4.219900e-04   7.429962e-05
  1.518974e+00   4.195300e-04   7.436264e-05
  1.523859e+00   3.992900e-04   7.407253e-05
  1.528745e+00   4.755600e-04   7.372157e-05
  1.533631e+00   5.267200e-04   7.370017e-05
  1.538517e+00   4.362600e-04   7.375885e-05
  1.543402e+00   5.784900e-04   7.317257e-05
  1.548288e+00   4.484600e-04   7.291669e-05
  1.553174e+00   3.557000e-04   7.356608e-05
  1.558060e+00   4.213100e-04   7.303185e-05
  1.562945e+00   5.227400e-04   7.254425e-05
  1.567831e+00   3.062400e-04   7.246108e-05
  1.572717e+00   3.971500e-04   7.278031e-05
  1.577602e+00   4.232800e-04   7.226854e-05
  1.582488e+00   4.770400e-04   7.209812e-05
  1.587374e+00   6.148200e-04   7.219964e-05
  1.592260e+00   4.885700e-04   7.228191e-05
  1.597145e+00   5.434100e-04   7.167080e-05
  1.602031e+00   4.184100e-04   7.166210e-05
  1.606917e+00   5.152000e-04   7.236171e-05
  1.611803e+00   4.116200e-04   7.279875e-05
  1.616688e+00   4.484200e-04   7.298476e-05
  1.621574e+00   3.445200e-04   7.298570e-05
  1.626460e+00   4.072400e-04   7.342796e-05
  1.631345e+00   2.630000e-04   7.282624e-05
  1.636231e+00   3.803000e-04   7.191740e-05
  1.641117e+00   4.186400e-04   7.181203e-05
  1.646003e+00   4.239900e-04   7.204154e-05
  1.650888e+00   4.219600e-04   7.118903e-05
  1.655774e+00   3.087800e-04   7.096340e-05
  1.660660e+00   4.657500e-04   7.114212e-05
  1.665545e+00   3.845300e-04   7.112640e-05
  1.670431e+00   3.142000e-04   7.056605e-05
  1.675317e+00   3.948700e-04   7.074282e-05
  1.680203e+00   4.314500e-04   7.059189e-05
  1.685088e+00   3.487400e-04   7.029564e-05
  1.689974e+00   4.020700e-04   6.989731e-05
  1.694860e+00   4.971500e-04   6.978057e-05
  1.699746e+00   2.793900e-04   6.973371e-05
  1.704631e+00   2.163700e-04   6.960366e-05
  1.709517e+00   1.693500e-04   6.940393e-05
  1.714403e+00   3.546800e-04   6.942523e-05
  1.719288e+00   3.520500e-04   6.952708e-05
  1.724174e+00   3.666700e-04   6.925706e-05
  1.729060e+00   3.755800e-04   6.884492e-05
  1.733946e+00   2.974300e-04   6.922627e-05
  1.738831e+00   4.302200e-04   6.888570e-05
  1.743717e+00   2.542500e-04   6.863057e-05
  1.748603e+00   3.208300e-04   6.861893e-05
  1.753488e+00   3.226900e-04   6.885792e-05
  1.758374e+00   3.433900e-04   6.816691e-05
  1.763260e+00   2.535500e-04   6.819393e-05
  1.768146e+00   3.222500e-04   6.827702e-05
  1.773031e+00   2.287700e-04   6.831987e-05
  1.777917e+00   2.399200e-04   6.774870e-05
  1.782803e+00   3.677200e-04   6.766097e-05
  1.787689e+00   3.754300e-04   6.777554e-05
  1.792574e+00   2.431900e-04   6.790184e-05
  1.797460e+00   2.654500e-04   6.741406e-05
  1.802346e+00   3.676000e-04   6.721980e-05
  1.807231e+00   3.177300e-04   6.745353e-05
  1.812117e+00   3.556100e-04   6.731842e-05
  1.817003e+00   4.142900e-04   6.712890e-05
  1.821889e+00   3.603600e-04   6.683368e-05
  1.826774e+00   3.616400e-04   6.715618e-05
  1.831660e+00   2.861900e-04   6.669821e-05
  1.836546e+00   3.987500e-04   6.649745e-05
  1.841431e+00   2.135900e-04   6.657852e-05
  1.846317e+00   3.419300e-04   6.666108e-05
  1.851203e+00   3.171300e-04   6.639436e-05
  1.856089e+00   3.917000e-04   6.621281e-05
  1.860974e+00   2.211600e-04   6.624911e-05
  1.865860e+00   3.092600e-04   6.615034e-05
  1.870746e+00   3.148800e-04   6.585527e-05
  1.875632e+00   3.504900e-04   6.570793e-05
  1.880517e+00   3.527000e-04   6.605504e-05
  1.885403e+00   3.087700e-04   6.571406e-05
  1.890289e+00   3.314300e-04   6.564072e-05
  1.895174e+00   2.707700e-04   6.585232e-05
  1.900060e+00   3.249100e-04   6.650073e-05
  1.904946e+00   2.470900e-04   6.661769e-05
  1.909832e+00   2.597300e-04   6.642803e-05
  1.914717e+00   1.458300e-04   6.694698e-05
  1.919603e+00   3.327800e-04   6.702443e-05
  1.924489e+00   3.028000e-04   6.697784e-05
  1.929374e+00   2.454100e-04   6.675150e-05
  1.934260e+00   2.399800e-04   6.714470e-05
  1.939146e+00   2.921500e-04   6.714551e-05
  1.944032e+00   1.699500e-04   6.705936e-05
  1.948917e+00   3.509900e-04   6.692404e-05
  1.953803e+00   2.792000e-04   6.721273e-05
  1.958689e+00   3.048200e-04   6.683071e-05
  1.963575e+00   3.815700e-04   6.620956e-05
  1.968460e+00   2.274600e-04   6.584786e-05
  1.973346e+00   3.494200e-04   6.598410e-05
  1.978232e+00   2.527400e-04   6.545986e-05
  1.983117e+00   2.209200e-04   6.541218e-05
  1.988003e+00   2.708800e-04   6.537808e-05
  1.992889e+00   2.862400e-04   6.513617e-05
  1.997775e+00   1.897100e-04   6.494261e-05
  2.002660e+00   2.818400e-04   6.476090e-05
  2.007546e+00   2.868500e-04   6.499483e-05
  2.012432e+00   1.950000e-04   6.460850e-05
  2.017317e+00   3.001900e-04   6.444518e-05
  2.022203e+00   2.129700e-04   6.439543e-05
  2.027089e+00   2.857800e-04   6.443307e-05
  2.031975e+00   2.953200e-04   6.414751e-05
  2.036860e+00   2.495400e-04   6.393073e-05
  2.041746e+00   2.955700e-04   6.422712e-05
  2.046632e+00   2.857700e-04   6.399328e-05
  2.051518e+00   2.333800e-04   6.362483e-05
  2.056403e+00   3.376800e-04   6.349142e-05
  2.061289e+00   3.025700e-04   6.367965e-05
  2.066175e+00   3.358000e-04   6.372556e-05
  2.071060e+00   2.498300e-04   6.357065e-05
  2.075946e+00   2.465800e-04   6.341046e-05
  2.080832e+00   2.444400e-04   6.340601e-05
  2.085718e+00   2.455000e-04   6.286364e-05
  2.090603e+00   2.311100e-04   6.283632e-05
  2.095489e+00   3.133700e-04   6.289337e-05
  2.100375e+00   2.430700e-04   6.295068e-05
  2.105261e+00   2.395100e-04   6.259890e-05
  2.110146e+00   2.153400e-04   6.241661e-05
  2.115032e+00   2.012900e-04   6.258731e-05
  2.119918e+00   2.046500e-04   6.252304e-05
  2.124803e+00   3.244600e-04   6.242197e-05
  2.129689e+00   3.786600e-04   6.298252e-05
  2.134575e+00   2.173200e-04   6.332606e-05
  2.139461e+00   2.008300e-04   6.332862e-05
  2.144346e+00   2.880500e-04   6.354043e-05
  2.149232e+00   1.279900e-04   6.348290e-05
  2.154118e+00   1.924200e-04   6.390808e-05
  2.159003e+00   2.615700e-04   6.376093e-05
  2.163889e+00   1.957300e-04   6.367010e-05
  2.168775e+00   2.656200e-04   6.387783e-05
  2.173661e+00   2.207100e-04   6.384148e-05
  2.178546e+00   1.595500e-04   6.422581e-05
  2.183432e+00   2.558700e-04   6.497590e-05
  2.188318e+00   2.680500e-04   6.559003e-05
  2.193204e+00   1.672100e-04   6.568804e-05
  2.198089e+00   1.413300e-04   6.541730e-05
  2.202975e+00   3.584000e-04   6.590665e-05
  2.207861e+00   1.040200e-04   6.606022e-05
  2.212746e+00   2.846200e-04   6.616579e-05
  2.217632e+00   2.623500e-04   6.646981e-05
  2.222518e+00   2.285800e-04   6.685090e-05
  2.227404e+00   2.144600e-04   6.691742e-05
  2.232289e+00   2.047100e-04   6.676902e-05
  2.237175e+00   1.165700e-04   6.705772e-05
  2.242061e+00   1.701800e-04   6.704776e-05
  2.246946e+00   2.520200e-04   6.741465e-05
  2.251832e+00   1.772000e-04   6.696805e-05
  2.256718e+00   2.181800e-04   6.736166e-05
  2.261604e+00   2.069300e-04   6.772333e-05
  2.266489e+00   3.006100e-04   6.739824e-05
  2.271375e+00   3.416600e-04   6.753500e-05
  2.276261e+00   2.221200e-04   6.791950e-05
  2.281147e+00   1.751400e-04   6.836907e-05
  2.286032e+00   1.399800e-04   6.774379e-05
  2.290918e+00   2.322200e-04   6.793756e-05
  2.295804e+00   1.512400e-04   6.826545e-05
  2.300689e+00   1.683700e-04   6.834799e-05
  2.305575e+00   2.428900e-04   6.834617e-05
  2.310461e+00   2.305500e-04   6.865690e-05
  2.315347e+00   1.435200e-04   6.884659e-05
  2.320232e+00   2.059900e-04   6.848769e-05
  2.325118e+00   2.123100e-04   6.851108e-05
  2.330004e+00   1.230100e-04   6.894562e-05
  2.334889e+00   1.962400e-04   6.941376e-05
  2.339775e+00   1.393200e-04   6.888001e-05
  2.344661e+00   1.433700e-04   6.935243e-05
  2.349547e+00   2.097600e-04   6.933315e-05
  2.354432e+00   2.241500e-04   6.962614e-05
  2.359318e+00   3.157900e-04   6.933254e-05
  2.364204e+00   2.511500e-04   6.982677e-05
  2.369090e+00   1.639500e-04   7.042155e-05
  2.373975e+00   3.024500e-04   7.009997e-05
  2.378861e+00   2.199200e-04   6.973097e-05
  2.383747e+00   4.140000e-05   7.046376e-05
  2.388632e+00   1.413500e-04   7.070171e-05
  2.393518e+00   9.719000e-05   7.025867e-05
  2.398404e+00   2.504200e-04   7.079896e-05
  2.403290e+00   2.422000e-05   7.101540e-05
  2.408175e+00   6.832000e-05   7.121552e-05
  2.413061e+00   1.337500e-04   7.068149e-05
  2.417947e+00   8.742000e-05   7.112553e-05
  2.422832e+00   2.805200e-04   7.159432e-05
  2.427718e+00   1.812000e-04   7.152180e-05
  2.432604e+00   1.218700e-04   7.109733e-05
  2.437490e+00   4.149000e-05   7.130030e-05
  2.442375e+00   1.202100e-04   7.156851e-05
  2.447261e+00   2.531500e-04   7.146515e-05
  2.452147e+00   5.789000e-05   7.139437e-05
  2.457033e+00   2.142800e-04   7.176780e-05
  2.461918e+00   1.538400e-04   7.196102e-05
  2.466804e+00   1.145100e-04   7.134567e-05
  2.471690e+00   1.744900e-04   7.169866e-05
  2.476575e+00   9.594000e-05   7.204695e-05
  2.481461e+00   1.205400e-04   7.201789e-05
  2.486347e+00   1.979400e-04   7.201435e-05
  2.491233e+00   1.894700e-04   7.224335e-05
  2.496118e+00  -1.710000e-06   7.239122e-05
  2.501004e+00   3.225700e-04   7.232902e-05
  2.505890e+00   8.348000e-05   7.214059e-05
  2.510775e+00   1.041000e-04   7.263183e-05
  2.515661e+00   1.733100e-04   7.256504e-05
  2.520547e+00   2.692200e-04   7.228418e-05
  2.525433e+00   1.915400e-04   7.265736e-05
  2.530318e+00   1.798100e-04   7.319479e-05
  2.535204e+00   1.241000e-05   7.480935e-05
  2.540090e+00   2.722700e-04   7.483411e-05
  2.544976e+00   6.243000e-05   7.572923e-05
  2.549861e+00   1.950900e-04   7.639307e-05
  2.554747e+00   2.314000e-05   7.609268e-05
  2.559633e+00   1.624700e-04   7.574053e-05
  2.564518e+00   1.234800e-04   7.635759e-05
  2.569404e+00   1.233400e-04   7.691004e-05
  2.574290e+00   2.313900e-04   7.656718e-05
  2.579176e+00   1.290000e-05   7.653790e-05
  2.584061e+00   1.321000e-04   7.739298e-05
  2.588947e+00   1.043700e-04   7.694930e-05
  2.593833e+00   1.271300e-04   7.650673e-05
  2.598719e+00   1.635000e-05   7.678497e-05
  2.603604e+00   1.573600e-04   7.697778e-05
  2.608490e+00   1.403800e-04   7.715265e-05
  2.613376e+00   1.191600e-04   7.639598e-05
  2.618261e+00   1.153800e-04   7.679325e-05
  2.623147e+00   1.442300e-04   7.672109e-05
  2.628033e+00   2.413500e-04   7.673327e-05
  2.632919e+00   1.726500e-04   7.654624e-05
  2.637804e+00   1.901600e-04   7.675908e-05
  2.642690e+00   1.785100e-04   7.697493e-05
  2.647576e+00   4.622000e-05   7.631805e-05
  2.652461e+00   1.847400e-04   7.662723e-05
  2.657347e+00   1.797900e-04   7.661948e-05
  2.662233e+00   1.217200e-04   7.656867e-05
  2.667119e+00   1.649500e-04   7.602700e-05
  2.672004e+00   1.395000e-04   7.663713e-05
  2.676890e+00   4.046000e-05   7.670641e-05
  2.681776e+00   5.703000e-05   7.618598e-05
  2.686662e+00   1.538500e-04   7.591063e-05
  2.691547e+00   1.276700e-04   7.637933e-05
  2.696433e+00   1.161000e-04   7.666923e-05
  2.701319e+00   1.044700e-04   7.595646e-05
  2.706204e+00   4.191000e-05   7.595753e-05
  2.711090e+00   8.096000e-05   7.723110e-05
  2.715976e+00   1.728000e-05   7.799282e-05
  2.720862e+00  -3.430000e-05   7.819947e-05
  2.725747e+00   1.469300e-04   7.867039e-05
  2.730633e+00   1.535900e-04   7.931702e-05
  2.735519e+00   1.558600e-04   7.978575e-05
  2.740404e+00   1.229400e-04   7.949574e-05
  2.745290e+00   5.228000e-05   8.047101e-05
  2.750176e+00  -3.172000e-05   8.069163e-05
  2.755062e+00   2.492000e-05   8.028808e-05
  2.759947e+00   1.325400e-04   8.091849e-05
  2.764833e+00   1.700600e-04   8.168999e-05
  2.769719e+00   1.723900e-04   8.163025e-05
  2.774605e+00   3.125000e-05   8.084092e-05
  2.779490e+00   2.525400e-04   8.002903e-05
  2.784376e+00   1.634000e-05   7.958604e-05
  2.789262e+00   1.239100e-04   7.943380e-05
  2.794147e+00  -2.303000e-05   7.893863e-05
  2.799033e+00   1.591900e-04   7.892998e-05
  2.803919e+00   2.471300e-04   7.862714e-05
  2.808805e+00   1.372700e-04   7.808360e-05
  2.813690e+00   1.233200e-04   7.806067e-05
  2.818576e+00   2.118000e-04   7.812155e-05
  2.823462e+00   2.270400e-04   7.856515e-05
  2.828347e+00   2.315200e-04   7.728115e-05
  2.833233e+00   1.478000e-05   7.733095e-05
  2.838119e+00   1.769600e-04   7.791577e-05
  2.843005e+00   1.554400e-04   7.750370e-05
  2.847890e+00  -3.094000e-05   7.683278e-05
  2.852776e+00   1.646500e-04   7.751016e-05
  2.857662e+00   1.447400e-04   7.771195e-05
  2.862548e+00   1.578800e-04   7.722937e-05
  2.867433e+00   5.429000e-05   7.639148e-05
  2.872319e+00  -3.277000e-05   7.730824e-05
  2.877205e+00   1.870200e-04   7.684755e-05
  2.882090e+00   5.818000e-05   7.649915e-05
  2.886976e+00   5.228000e-05   7.674897e-05
  2.891862e+00   1.576700e-04   7.680215e-05
  2.896748e+00   6.441000e-05   7.701425e-05
  2.901633e+00   1.879500e-04   7.597761e-05
  2.906519e+00   1.865500e-04   7.639535e-05
  2.911405e+00   1.482500e-04   7.644180e-05
  2.916290e+00   2.096700e-04   7.609746e-05
  2.921176e+00   7.596000e-05   7.588117e-05
  2.926062e+00   8.652000e-05   7.600125e-05
  2.930948e+00   7.350000e-05   7.608548e-05
  2.935833e+00   7.759000e-05   7.557545e-05
  2.940719e+00   6.806000e-05   7.560468e-05
  2.945605e+00   3.686000e-05   7.586465e-05
  2.950491e+00   5.994000e-05   7.576646e-05
  2.955376e+00  -1.749000e-05   7.512263e-05
  2.960262e+00   6.400000e-05   7.527741e-05
  2.965148e+00   1.385200e-04   7.563624e-05
  2.970033e+00   1.739300e-04   7.545805e-05
  2.974919e+00   4.023000e-05   7.475727e-05
  2.979805e+00   2.974000e-05   7.578566e-05
  2.984691e+00   1.026900e-04   7.504677e-05
  2.989576e+00   1.263600e-04   7.479722e-05
  2.994462e+00   6.738000e-05   7.485788e-05
  2.999348e+00  -3.390000e-05   7.509156e-05
  3.004233e+00   1.381600e-04   7.547828e-05
  3.009119e+00   4.721000e-05   7.436780e-05
  3.014005e+00   1.487300e-04   7.510635e-05
  3.018891e+00   1.430000e-04   7.491992e-05
  3.023776e+00   1.423000e-05   7.490739e-05
  3.028662e+00   2.090000e-05   7.434488e-05
  3.033548e+00   7.964000e-05   7.472572e-05
  3.038434e+00   5.827000e-05   7.495197e-05
  3.043319e+00   1.770000e-04   7.476228e-05
  3.048205e+00   9.614000e-05   7.427039e-05
  3.053091e+00   2.106300e-04   7.455940e-05
  3.057976e+00   4.579000e-05   7.467952e-05
  3.062862e+00   3.899000e-05   7.454985e-05
  3.067748e+00   1.711400e-04   7.453083e-05
  3.072634e+00   1.124200e-04   7.519630e-05
  3.077519e+00   1.479000e-04   7.521951e-05
  3.082405e+00   6.371000e-05   7.470522e-05
  3.087291e+00  -1.053000e-05   7.523139e-05
  3.092176e+00   1.220800e-04   7.527035e-05
  3.097062e+00   5.380000e-05   7.520518e-05
  3.101948e+00   6.081000e-05   7.503165e-05
  3.106834e+00   4.366000e-05   7.544755e-05
  3.111719e+00   2.106600e-04   7.556877e-05
  3.116605e+00   1.293000e-04   7.471292e-05
  3.121491e+00   4.599000e-05   7.534571e-05
  3.126377e+00   4.696000e-05   7.530829e-05
  3.131262e+00   1.489600e-04   7.598731e-05
  3.136148e+00   1.534000e-04   7.490447e-05
  3.141034e+00   2.576000e-05   7.557162e-05
  3.145919e+00   9.380000e-05   7.545086e-05
  3.150805e+00   5.489000e-05   7.536581e-05
  3.155691e+00   1.491700e-04   7.524736e-05
  3.160577e+00   8.692000e-05   7.538670e-05
  3.165462e+00   1.505400e-04   7.562889e-05
  3.170348e+00   1.181700e-04   7.496763e-05
  3.175234e+00   2.504600e-04   7.513328e-05
  3.180120e+00   1.270700e-04   7.528925e-05
  3.185005e+00   1.754200e-04   7.580500e-05
  3.189891e+00   4.120000e-05   7.479210e-05
  3.194777e+00   6.797000e-05   7.529568e-05
  3.199662e+00   9.417000e-05   7.546152e-05
  3.204548e+00   8.931000e-05   7.523757e-05
  3.209434e+00   5.421000e-05   7.514118e-05
  3.214320e+00   6.195000e-05   7.565105e-05
  3.219205e+00   1.760000e-05   7.513555e-05
  3.224091e+00   1.219900e-04   7.541205e-05
  3.228977e+00   2.375600e-04   7.546903e-05
  3.233862e+00   1.838000e-04   7.534788e-05
  3.238748e+00   8.082000e-05   7.546931e-05
  3.243634e+00   1.155500e-04   7.502621e-05
  3.248520e+00   2.450000e-05   7.529605e-05
  3.253405e+00  -2.815000e-05   7.536757e-05
  3.258291e+00   1.844200e-04   7.545649e-05
  3.263177e+00   2.346000e-04   7.514667e-05
  3.268063e+00   1.831700e-04   7.541989e-05
  3.272948e+00   1.258000e-04   7.550409e-05
  3.277834e+00   1.419500e-04   7.513806e-05
  3.282720e+00  -9.633000e-05   7.554624e-05
  3.287605e+00   1.348600e-04   7.558415e-05
  3.292491e+00   4.778000e-05   7.555507e-05
  3.297377e+00   1.793500e-04   7.493762e-05
  3.302263e+00   5.943000e-05   7.528531e-05
  3.307148e+00   1.320800e-04   7.565566e-05
  3.312034e+00   4.668000e-05   7.516861e-05
  3.316920e+00   1.483000e-05   7.501564e-05
  3.321805e+00   1.349200e-04   7.544749e-05
  3.326691e+00   3.371000e-05   7.549130e-05
  3.331577e+00   6.600000e-05   7.511993e-05
  3.336463e+00  -6.960000e-05   7.491892e-05
  3.341348e+00   6.750000e-06   7.533776e-05
  3.346234e+00   1.029800e-04   7.523203e-05
  3.351120e+00  -5.684000e-05   7.498184e-05
  3.356006e+00   5.114000e-05   7.534915e-05
  3.360891e+00   1.575000e-04   7.495422e-05
  3.365777e+00   1.407600e-04   7.540584e-05
  3.370663e+00   1.049000e-05   7.449007e-05
  3.375548e+00   6.020000e-06   7.509226e-05
  3.380434e+00   1.015000e-04   7.519362e-05
  3.385320e+00   9.539000e-05   7.488378e-05
  3.390206e+00   3.505000e-05   7.456344e-05
  3.395091e+00   5.665000e-05   7.473030e-05
  3.399977e+00   7.849000e-05   7.507072e-05
  3.404863e+00   2.471000e-05   7.459882e-05
  3.409748e+00  -3.505000e-05   7.436838e-05
  3.414634e+00   1.121000e-04   7.491036e-05
  3.419520e+00   1.155100e-04   7.454709e-05
  3.424406e+00   7.446000e-05   7.451629e-05
  3.429291e+00   8.133000e-05   7.457488e-05
  3.434177e+00   5.348000e-05   7.467451e-05
  3.439063e+00   1.113700e-04   7.410695e-05
  3.443949e+00   5.883000e-05   7.465094e-05
  3.448834e+00   7.630000e-05   7.452837e-05
  3.453720e+00   8.011000e-05   7.464147e-05
  3.458606e+00  -1.851000e-05   7.407364e-05
  3.463491e+00   4.892000e-05   7.430730e-05
  3.468377e+00   2.514000e-05   7.440641e-05
  3.473263e+00   6.229000e-05   7.454303e-05
  3.478149e+00   4.628000e-05   7.404706e-05
  3.483034e+00   2.100900e-04   7.428725e-05
  3.487920e+00   5.318000e-05   7.385042e-05
  3.492806e+00  -4.831000e-05   7.395266e-05
  3.497691e+00   6.892000e-05   7.398892e-05
  3.502577e+00   2.688000e-05   7.373104e-05
  3.507463e+00   7.833000e-05   7.507208e-05
  3.512349e+00   1.248000e-04   7.560053e-05
  3.517234e+00   3.109000e-05   7.605878e-05
  3.522120e+00   1.192100e-04   7.650544e-05
  3.527006e+00  -2.500000e-06   7.697263e-05
  3.531892e+00  -7.278000e-05   7.742744e-05
  3.536777e+00   6.938000e-05   7.828436e-05
  3.541663e+00   6.172000e-05   7.880328e-05
  3.546549e+00  -6.360000e-06   7.945091e-05
  3.551434e+00   1.378200e-04   7.958214e-05
  3.556320e+00  -1.159700e-04   8.052081e-05
  3.561206e+00   2.032100e-04   8.047918e-05
  3.566092e+00   1.483300e-04   8.156291e-05
  3.570977e+00   6.064000e-05   8.214261e-05
  3.575863e+00  -2.751000e-05   8.236762e-05
  3.580749e+00   2.668000e-05   8.265770e-05
  3.585634e+00  -8.010000e-05   8.310478e-05
  3.590520e+00   8.439000e-05   8.410233e-05
  3.595406e+00   2.334600e-04   8.445178e-05
  3.600292e+00   1.157000e-04   8.475292e-05
  3.605177e+00  -1.093900e-04   8.457568e-05
  3.610063e+00   1.019000e-04   8.478013e-05
  3.614949e+00   4.529000e-05   8.530766e-05
  3.619835e+00   3.704000e-05   8.565854e-05
  3.624720e+00   1.001200e-04   8.598037e-05
  3.629606e+00   2.480000e-06   8.609370e-05
  3.634492e+00  -1.330900e-04   8.664687e-05
  3.639377e+00   1.143700e-04   8.716369e-05
  3.644263e+00   1.178700e-04   8.730909e-05
  3.649149e+00   5.871000e-05   8.769245e-05
  3.654035e+00   8.628000e-05   8.772007e-05
  3.658920e+00   4.184000e-05   8.855723e-05
  3.663806e+00  -3.197000e-05   8.889009e-05
  3.668692e+00  -6.680000e-06   8.928120e-05
  3.673578e+00   1.020500e-04   8.930656e-05
  3.678463e+00   8.968000e-05   8.894908e-05
  3.683349e+00  -4.156000e-05   8.926446e-05
  3.688235e+00  -6.195000e-05   8.965551e-05
  3.693120e+00   5.563000e-05   9.012909e-05
  3.698006e+00   1.322800e-04   9.028732e-05
  3.702892e+00   9.937000e-05   9.025697e-05
  3.707778e+00   2.024000e-05   9.020522e-05
  3.712663e+00   7.551000e-05   9.084537e-05
  3.717549e+00   2.013000e-04   9.143432e-05
  3.722435e+00  -1.071000e-05   9.127208e-05
  3.727320e+00   2.303200e-04   9.159662e-05
  3.732206e+00   1.015400e-04   9.223289e-05
  3.737092e+00   3.599000e-05   9.184810e-05
  3.741978e+00   3.246000e-05   9.288825e-05
  3.746863e+00   6.134000e-05   9.259467e-05
  3.751749e+00  -1.526000e-05   9.272665e-05
  3.756635e+00   1.410000e-06   9.315367e-05
  3.761521e+00  -1.208600e-04   9.337323e-05
  3.766406e+00  -1.370000e-06   9.412299e-05
  3.771292e+00   3.187000e-05   9.334317e-05
  3.776178e+00   1.054400e-04   9.370826e-05
  3.781063e+00   1.274700e-04   9.434714e-05
  3.785949e+00   1.235700e-04   9.437563e-05
  3.790835e+00   1.022000e-05   9.550427e-05
  3.795721e+00   3.916000e-05   9.513345e-05
  3.800606e+00  -2.700000e-06   9.493280e-05
  3.805492e+00   1.005800e-04   9.564242e-05
  3.810378e+00   1.607500e-04   9.547369e-05
  3.815263e+00   2.672000e-05   9.623674e-05
  3.820149e+00   3.582000e-05   9.552524e-05
  3.825035e+00   7.592000e-05   9.632562e-05
  3.829921e+00   2.542000e-05   9.592725e-05
  3.834806e+00   6.832000e-05   9.600075e-05
  3.839692e+00   2.736400e-04   9.649636e-05
  3.844578e+00   1.352200e-04   9.593432e-05
  3.849464e+00   6.650000e-06   9.625300e-05
  3.854349e+00   2.473000e-05   9.622025e-05
  3.859235e+00   4.433000e-05   9.659603e-05
  3.864121e+00   1.207700e-04   9.675878e-05
  3.869006e+00  -6.780000e-06   9.599468e-05
  3.873892e+00  -1.581300e-04   9.684995e-05
  3.878778e+00   2.720000e-05   9.620064e-05
  3.883664e+00   3.117200e-04   9.673105e-05
  3.888549e+00  -7.764000e-05   9.704867e-05
  3.893435e+00   1.214100e-04   9.628248e-05
  3.898321e+00  -4.717000e-05   9.668096e-05
  3.903206e+00   9.307000e-05   9.700061e-05
  3.908092e+00  -1.100800e-04   9.663038e-05
  3.912978e+00  -2.236000e-05   9.706326e-05
  3.917864e+00   1.473700e-04   9.707215e-05
  3.922749e+00   1.422600e-04   9.725321e-05
  3.927635e+00   2.170000e-05   9.692872e-05
  3.932521e+00   3.251000e-05   9.728118e-05
  3.937407e+00   1.006000e-04   9.735995e-05
  3.942292e+00  -9.923000e-05   9.710074e-05
  3.947178e+00  -1.879000e-05   9.767520e-05
  3.952064e+00   5.884000e-05   9.779583e-05
  3.956949e+00   3.300600e-04   9.801810e-05
  3.961835e+00   1.114100e-04   9.815239e-05
  3.966721e+00   1.108700e-04   9.760938e-05
  3.971607e+00  -4.957000e-05   9.798873e-05
  3.976492e+00  -6.053000e-05   9.769562e-05
  3.981378e+00   6.495000e-05   9.817105e-05
  3.986264e+00   3.455000e-05   9.824625e-05
  3.991149e+00   7.157000e-05   9.831247e-05
  3.996035e+00  -3.735000e-05   9.772698e-05
  4.000921e+00   1.837800e-04   9.760061e-05
  4.005807e+00  -2.330000e-06   9.832829e-05
  4.010692e+00   7.213000e-05   9.802292e-05
  4.015578e+00   4.676000e-05   9.750894e-05
  4.020464e+00   1.336800e-04   9.764312e-05
  4.025350e+00   3.867000e-05   9.765994e-05
  4.030235e+00   4.631000e-05   9.820452e-05
  4.035121e+00  -1.165700e-04   9.838448e-05
  4.040007e+00   1.915000e-05   9.764928e-05
  4.044892e+00   1.600000e-07   9.791148e-05
  4.049778e+00   7.670000e-06   9.846101e-05
  4.054664e+00   1.618400e-04   9.848581e-05
  4.059550e+00   1.254000e-05   9.828428e-05
  4.064435e+00   8.762000e-05   9.867384e-05
  4.069321e+00   1.384400e-04   9.794154e-05
  4.074207e+00  -3.589000e-05   9.843948e-05
  4.079092e+00   7.720000e-06   9.888692e-05
  4.083978e+00  -1.797000e-05   9.911229e-05
  4.088864e+00   1.128500e-04   9.941894e-05
  4.093750e+00   5.188000e-05   9.913918e-05
  4.098635e+00   8.953000e-05   9.956085e-05
  4.103521e+00   6.537000e-05   1.003915e-04
  4.108407e+00   4.907000e-05   1.003150e-04
  4.113293e+00   8.707000e-05   1.006097e-04
  4.118178e+00  -1.629600e-04   1.002078e-04
  4.123064e+00  -8.976000e-05   1.008186e-04
  4.127950e+00   2.607000e-05   1.014286e-04
  4.132835e+00   1.115000e-04   1.012640e-04
  4.137721e+00   1.211400e-04   1.023540e-04
  4.142607e+00   1.781000e-05   1.023882e-04
  4.147493e+00   1.236300e-04   1.019074e-04
  4.152378e+00   5.719000e-05   1.031268e-04
  4.157264e+00   9.012000e-05   1.034442e-04
  4.162150e+00  -7.438000e-05   1.040163e-04
  4.167036e+00   1.419900e-04   1.035568e-04
  4.171921e+00   3.394000e-05   1.044297e-04
  4.176807e+00   6.808000e-05   1.046808e-04
  4.181693e+00   7.595000e-05   1.052052e-04
  4.186578e+00   5.620000e-06   1.055673e-04
  4.191464e+00  -4.533000e-05   1.052808e-04
  4.196350e+00   2.040500e-04   1.061452e-04
  4.201236e+00   1.419200e-04   1.060107e-04
  4.206121e+00   5.440000e-05   1.068359e-04
  4.211007e+00   1.407500e-04   1.078016e-04
  4.215893e+00  -1.018900e-04   1.067657e-04
  4.220778e+00   1.376100e-04   1.077098e-04
  4.225664e+00  -6.458000e-05   1.075510e-04
  4.230550e+00  -3.824000e-05   1.087979e-04
  4.235436e+00   1.609400e-04   1.093626e-04
  4.240321e+00   1.501800e-04   1.085917e-04
  4.245207e+00  -1.535700e-04   1.090206e-04
  4.250093e+00  -1.030000e-05   1.098326e-04
  4.254979e+00   3.278000e-05   1.104513e-04
  4.259864e+00  -1.087900e-04   1.106734e-04
  4.264750e+00   5.575000e-05   1.104672e-04
  4.269636e+00  -1.068800e-04   1.113326e-04
  4.274521e+00   2.242700e-04   1.115002e-04
  4.279407e+00   4.716000e-05   1.119425e-04
  4.284293e+00  -6.872000e-05   1.123473e-04
  4.289179e+00   8.440000e-05   1.124613e-04
  4.294064e+00  -2.658000e-05   1.122582e-04
  4.298950e+00   1.542400e-04   1.135504e-04
  4.303836e+00   1.832400e-04   1.143819e-04
  4.308721e+00   4.752000e-05   1.141768e-04
  4.313607e+00  -6.750000e-05   1.139367e-04
  4.318493e+00   5.690000e-05   1.150504e-04
  4.323379e+00   2.029000e-05   1.149422e-04
  4.328264e+00   6.692000e-05   1.163015e-04
  4.333150e+00  -4.330000e-05   1.165035e-04
  4.338036e+00   8.190000e-05   1.168930e-04
  4.342922e+00  -2.080300e-04   1.166924e-04
  4.347807e+00  -5.372000e-05   1.168215e-04
  4.352693e+00  -1.811000e-05   1.183299e-04
  4.357579e+00  -6.214000e-05   1.181727e-04
  4.362464e+00   1.258000e-05   1.174508e-04
  4.367350e+00   8.570000e-06   1.190118e-04
  4.372236e+00   3.505000e-05   1.189115e-04
  4.377122e+00  -8.081000e-05   1.199166e-04
  4.382007e+00   1.790000e-06   1.201842e-04
  4.386893e+00   5.116000e-05   1.194843e-04
  4.391779e+00   1.810000e-04   1.208325e-04
  4.396664e+00  -1.475000e-05   1.210440e-04
  4.401550e+00  -2.773000e-05   1.218074e-04
  4.406436e+00   5.265000e-05   1.219315e-04
  4.411322e+00  -6.603000e-05   1.211465e-04
  4.416207e+00   7.735000e-05   1.221342e-04
  4.421093e+00  -3.063000e-05   1.221678e-04
  4.425979e+00   9.075000e-05   1.235392e-04
  4.430865e+00   1.033200e-04   1.242123e-04
  4.435750e+00   4.241000e-05   1.236170e-04
  4.440636e+00   1.289900e-04   1.236311e-04
  4.445522e+00   7.137000e-05   1.250287e-04
  4.450407e+00  -2.013600e-04   1.272087e-04
  4.455293e+00  -4.251000e-05   1.285863e-04
  4.460179e+00  -1.080600e-04   1.286054e-04
  4.465065e+00   8.107000e-05   1.290987e-04
  4.469950e+00  -8.913000e-05   1.296822e-04
  4.474836e+00   3.251700e-04   1.306409e-04
  4.479722e+00   1.390900e-04   1.323432e-04
  4.484607e+00  -1.051600e-04   1.319273e-04
  4.489493e+00   2.184500e-04   1.319250e-04
  4.494379e+00   8.956000e-05   1.333709e-04
  4.499265e+00  -7.029000e-05   1.342281e-04
  4.504150e+00   5.375000e-05   1.352439e-04
  4.509036e+00  -2.757800e-04   1.339687e-04
  4.513922e+00   1.204300e-04   1.349520e-04
  4.518808e+00  -3.166300e-04   1.354205e-04
  4.523693e+00  -4.872000e-05   1.367625e-04
  4.528579e+00   1.076400e-04   1.378713e-04
  4.533465e+00   2.875400e-04   1.375773e-04
  4.538350e+00  -2.607000e-05   1.372710e-04
  4.543236e+00  -3.845000e-05   1.374862e-04
  4.548122e+00   1.025700e-04   1.397597e-04
  4.553008e+00   3.235500e-04   1.403584e-04
  4.557893e+00   1.248700e-04   1.405272e-04
  4.562779e+00  -3.861000e-05   1.404196e-04
  4.567665e+00  -1.892600e-04   1.405968e-04
  4.572550e+00  -4.170000e-05   1.419191e-04
  4.577436e+00   1.208500e-04   1.423271e-04
  4.582322e+00  -2.361400e-04   1.432635e-04
  4.587208e+00   1.780100e-04   1.434710e-04
  4.592093e+00  -3.962000e-05   1.439003e-04
  4.596979e+00   1.491600e-04   1.445779e-04
  4.601865e+00  -1.161000e-05   1.459110e-04
  4.606751e+00   1.153100e-04   1.465571e-04
  4.611636e+00   7.966000e-05   1.449126e-04
  4.616522e+00  -9.124000e-05   1.468575e-04
  4.621408e+00  -1.251700e-04   1.464636e-04
  4.626293e+00   1.234000e-04   1.486813e-04
  4.631179e+00   1.745600e-04   1.502119e-04
  4.636065e+00  -4.571000e-05   1.467489e-04
  4.640951e+00   3.599200e-04   1.476839e-04
  4.645836e+00  -1.602400e-04   1.491347e-04
  4.650722e+00   1.346700e-04   1.503024e-04
  4.655608e+00  -2.155700e-04   1.517405e-04
  4.660494e+00   1.111800e-04   1.499050e-04
  4.665379e+00  -1.304000e-04   1.517464e-04
  4.670265e+00  -6.994000e-05   1.520229e-04
  4.675151e+00  -2.260300e-04   1.525420e-04
  4.680036e+00  -2.458000e-04   1.546211e-04
  4.684922e+00   4.042000e-05   1.522426e-04
  4.689808e+00   8.010000e-06   1.542245e-04
  4.694694e+00   1.905000e-04   1.561245e-04
  4.699579e+00   1.085000e-04   1.555830e-04
  4.704465e+00   1.909900e-04   1.586087e-04
  4.709351e+00  -3.687000e-05   1.553437e-04
  4.714236e+00   9.419000e-05   1.566329e-04
  4.719122e+00   3.203000e-05   1.584831e-04
  4.724008e+00  -2.925000e-05   1.579118e-04
  4.728894e+00  -1.571300e-04   1.635126e-04
  4.733779e+00  -1.432000e-04   1.586871e-04
  4.738665e+00  -2.984000e-05   1.595465e-04
  4.743551e+00  -7.960000e-06   1.610124e-04
  4.748437e+00  -2.462000e-05   1.625986e-04
  4.753322e+00   4.989000e-05   1.654293e-04
  4.758208e+00  -4.259000e-05   1.623440e-04
  4.763094e+00  -2.769700e-04   1.639608e-04
  4.767979e+00  -1.526100e-04   1.634246e-04
  4.772865e+00   1.162800e-04   1.653576e-04
  4.777751e+00   1.800000e-04   1.686454e-04
  4.782637e+00  -2.327800e-04   1.655148e-04
  4.787522e+00   5.676000e-05   1.665125e-04
  4.792408e+00   3.114100e-04   1.675498e-04
  4.797294e+00  -9.057000e-05   1.707188e-04
  4.802179e+00  -4.302000e-05   1.705687e-04
  4.807065e+00   4.121000e-05   1.691685e-04
  4.811951e+00   8.364000e-05   1.703921e-04
  4.816837e+00   2.855300e-04   1.699032e-04
  4.821722e+00  -3.100000e-06   1.714060e-04
  4.826608e+00   2.180400e-04   1.756138e-04
  4.831494e+00  -1.796200e-04   1.739840e-04
  4.836380e+00   2.230800e-04   1.735914e-04
  4.841265e+00   2.382100e-04   1.742345e-04
  4.846151e+00   8.159000e-05   1.758513e-04
  4.851037e+00  -1.164000e-04   1.801986e-04
  4.855922e+00   5.507500e-04   1.770192e-04
  4.860808e+00   1.731600e-04   1.779835e-04
  4.865694e+00  -2.677000e-05   1.781159e-04
  4.870580e+00  -1.756800e-04   1.789353e-04
  4.875465e+00   4.991000e-05   1.836154e-04
  4.880351e+00  -3.316000e-04   1.822760e-04
  4.885237e+00   7.266000e-05   1.815203e-04
  4.890122e+00   2.414300e-04   1.826708e-04
  4.895008e+00   6.022000e-05   1.829845e-04
  4.899894e+00   1.294400e-04   1.865456e-04
  4.904780e+00  -3.713000e-05   1.870561e-04
  4.909665e+00  -2.610300e-04   1.852478e-04
  4.914551e+00   1.320500e-04   1.876039e-04
  4.919437e+00   3.175600e-04   1.871649e-04
  4.924323e+00   4.910000e-06   1.901928e-04
  4.929208e+00  -2.545600e-04   2.122797e-04
  4.934094e+00  -1.575000e-05   3.142400e-04
  4.938980e+00   3.375600e-04   3.730960e-04
  4.943865e+00   1.021900e-03   4.438789e-04
  4.948751e+00  -6.083300e-04   5.397443e-04
  4.953637e+00  -3.041800e-04   6.544254e-04
  4.958523e+00   1.799400e-04   8.422115e-04
range-from: 1
range-to: 1000
range-from: 1
range-to: 1000
parent: /Users/oskarsvensson/Desktop/SAXS/Hst1_HS/Hst1_HS_2_sc/Hst1_HS_0p21_Hst1_HS_Buffer/frames/0.21 mgml/avrg_002.dat
parent: /Users/oskarsvensson/Desktop/SAXS/Hst1_HS/Hst1_HS_2_sc/Hst1_HS_0p21_Hst1_HS_Buffer/frames/0.21 mgml/avrg_001.dat
creator: datop
creator-version: v0.4 (r14885)
datop-operation: /Users/oskarsvensson/Desktop/SAXS/Hst1_HS/Hst1_HS_2_sc/Hst1_HS_0p21_Hst1_HS_Buffer/frames/0.21 mgml/avrg_002.dat SUB /Users/oskarsvensson/Desktop/SAXS/Hst1_HS/Hst1_HS_2_sc/Hst1_HS_0p21_Hst1_HS_Buffer/frames/0.21 mgml/avrg_001.dat
